S 0.000
S 0.036
S 0.072
1
S 0.108
1
S 0.144
1
S 0.179
1
S 0.215
1
S 0.251
1
S 0.287
1
S 0.323
1
S 0.359
1
S 0.395
1
S 0.431
1
S 0.466
1
S 0.502
1
S 0.538
1
S 0.574
1
S 0.610
1
S 0.646
1
S 0.682
1
S 0.718
1
S 0.754
1
S 0.789
1
S 0.825
1
S 0.861
1
S 0.897
1
S 0.933
1
S 0.969
1
S 1.005
1
S 1.041
1
S 1.076
1
S 1.112
1
S 1.148
1
S 1.184
1
S 1.220
1
S 1.256
1
S 1.292
1
S 1.328
1
S 1.363
1
S 1.399
1
S 1.435
1
S 1.471
1
S 1.507
1
S 1.543
1
S 1.579
1
S 1.615
1
S 1.651
1
S 1.686
1
S 1.722
1
S 1.758
1
S 1.794
1
S 1.830
1
S 1.866
1
2
S 1.902
1
2
S 1.938
1
2
S 1.973
1
2
S 2.009
1
2
S 2.045
1
2
S 2.081
1
2
S 2.117
1
S 2.153
1
2
S 2.189
1
2
S 2.225
1
S 2.260
1
S 2.296
1
S 2.332
1
2
S 2.368
1
2
S 2.404
1
2
S 2.440
1
S 2.476
1
S 2.512
1
S 2.548
1
2
S 2.583
1
2
S 2.619
1
S 2.655
1
S 2.691
1
S 2.727
1
S 2.763
1
S 2.799
1
S 2.835
1
2
S 2.870
1
2
S 2.906
1
S 2.942
1
S 2.978
1
7
S 3.014
1
7
S 3.050
1
2
7
8
S 3.086
1
2
8
S 3.122
1
2
8
S 3.158
1
2
S 3.193
1
S 3.229
1
8
S 3.265
1
8
S 3.301
1
8
S 3.337
1
8
S 3.373
1
8
11
S 3.409
1
11
S 3.445
1
11
S 3.480
1
11
S 3.516
1
11
S 3.552
1
11
13
S 3.588
1
11
13
S 3.624
1
11
13
S 3.660
1
11
13
S 3.696
1
11
13
15
S 3.732
1
11
13
15
S 3.768
1
11
13
S 3.803
1
11
13
S 3.839
1
11
13
17
S 3.875
1
11
13
17
S 3.911
1
11
13
17
S 3.947
1
11
13
S 3.983
1
11
13
S 4.019
1
11
13
S 4.055
1
11
13
S 4.090
1
11
13
18
S 4.126
1
11
13
18
S 4.162
1
11
13
18
S 4.198
1
11
13
S 4.234
1
11
13
S 4.270
1
11
13
S 4.306
1
11
13
S 4.342
1
11
13
S 4.377
1
11
13
S 4.413
1
11
13
S 4.449
1
11
S 4.485
1
11
S 4.521
1
11
18
S 4.557
1
11
13
18
S 4.593
1
11
13
S 4.629
1
11
S 4.665
1
S 4.700
1
11
S 4.736
1
11
15
S 4.772
1
15
S 4.808
1
2
15
S 4.844
1
2
S 4.880
1
S 4.916
1
S 4.952
1
11
S 4.987
1
11
S 5.023
1
11
15
S 5.059
1
2
11
15
S 5.095
1
2
11
15
S 5.131
1
2
11
15
S 5.167
1
2
11
15
S 5.203
1
2
11
15
S 5.239
1
2
11
15
S 5.275
1
11
15
S 5.310
1
11
15
S 5.346
1
15
S 5.382
1
11
15
S 5.418
1
11
15
S 5.454
1
11
15
S 5.490
1
11
15
S 5.526
1
11
15
S 5.562
1
11
15
S 5.597
1
11
S 5.633
1
11
S 5.669
1
11
S 5.705
1
11
S 5.741
1
S 5.777
1
S 5.813
1
S 5.849
1
S 5.885
1
S 5.920
1
S 5.956
1
2
S 5.992
1
2
S 6.028
1
S 6.064
1
S 6.100
1
S 6.136
1
S 6.172
1
18
S 6.207
18
S 6.243
18
S 6.279
17
18
S 6.315
17
S 6.351
17
S 6.387
17
S 6.423
S 6.459
S 6.494
S 6.530
S 6.566
S 6.602
S 6.638
S 6.674
S 6.710
S 6.746
S 6.782
S 6.817
S 6.853
S 6.889
S 6.925
S 6.961
S 6.997
S 7.033
S 7.069
S 7.104
S 7.140
S 7.176
S 7.212
S 7.248
S 7.284
S 7.320
S 7.356
S 7.392
S 7.427
S 7.463
S 7.499
S 7.535
S 7.571
S 7.607
S 7.643
S 7.679
S 7.714
S 7.750
S 7.786
S 7.822
S 0.000
