backpack 190 67 501 501
backpack 176 68 499 508
backpack 180 70 498 505
backpack 181 70 498 505
backpack 173 68 501 509
backpack 174 68 501 508
backpack 186 67 504 502
backpack 194 67 503 498
backpack 194 67 503 498
backpack 195 67 502 498
backpack 195 67 501 498
backpack 194 67 501 498
backpack 195 67 502 498
backpack 189 67 502 501
backpack 186 67 503 502
backpack 189 68 501 501
backpack 191 68 501 500
backpack 185 69 494 504
backpack 193 66 499 499
backpack 193 67 499 499
backpack 192 66 498 499
backpack 193 66 498 498
backpack 193 66 498 498
backpack 193 66 498 499
backpack 191 68 494 502
backpack 192 66 497 498
backpack 193 65 498 498
backpack 191 65 499 498
backpack 192 65 498 497
backpack 190 65 495 498
backpack 190 65 496 498
backpack 188 64 497 498
backpack 177 65 496 503
backpack 176 65 496 503
backpack 188 64 500 495
backpack 188 64 499 495
backpack 188 64 498 495
backpack 189 64 498 494
backpack 190 64 497 494
backpack 176 64 491 501
backpack 180 64 491 500
backpack 177 65 487 502
backpack 176 67 490 502
backpack 187 70 486 496
backpack 190 71 484 495
backpack 186 72 485 496
backpack 188 73 486 495
backpack 193 75 486 492
backpack 189 75 487 493
backpack 188 76 489 494
backpack 185 75 490 498
backpack 470 180 731 346
backpack 168 73 492 509
backpack 471 180 731 345
backpack 183 73 495 500
backpack 472 180 732 346
backpack 201 74 501 487
backpack 474 181 734 344
backpack 203 74 501 489
backpack 476 181 736 345
backpack 185 74 502 499
backpack 480 181 738 345
backpack 177 74 509 499
cell phone 0 286 33 410
backpack 482 182 741 345
backpack 214 76 512 487
backpack 487 180 743 345
backpack 198 76 514 497
backpack 213 76 518 494
backpack 212 78 527 494
backpack 500 183 756 348
backpack 234 78 529 488
backpack 213 76 538 502
backpack 232 77 544 490
backpack 244 77 554 487
backpack 271 76 561 482
backpack 538 183 795 348
backpack 252 75 567 486
backpack 546 184 806 349
backpack 285 76 581 480
backpack 270 75 587 485
backpack 297 77 597 474
laptop 7 232 294 346
backpack 284 76 604 479
backpack 299 76 610 476
backpack 588 183 849 348
backpack 354 109 616 467
laptop 19 224 329 347
backpack 359 105 621 464
laptop 12 224 338 351
backpack 340 75 643 468
backpack 338 75 646 470
backpack 348 73 655 469
backpack 359 73 667 467
backpack 370 72 672 465
backpack 402 105 665 463
backpack 653 183 924 350
backpack 406 105 667 460
backpack 409 109 677 460
laptop 84 212 258 413
laptop 177 128 385 269
backpack 398 72 689 462
laptop 91 210 257 407
backpack 403 72 697 462
laptop 93 220 272 392
laptop 0 52 22 156
backpack 431 106 694 460
laptop 194 128 406 307
laptop 0 49 36 165
laptop 89 238 274 371
backpack 424 72 709 463
laptop 1 44 43 157
backpack 690 185 960 353
backpack 422 71 714 463
laptop 1 29 49 165
backpack 432 71 723 462
backpack 702 186 960 359
backpack 452 107 718 458
backpack 430 71 736 463
backpack 452 71 739 461
laptop 0 13 74 168
backpack 448 71 748 461
laptop 0 14 80 160
laptop 74 105 159 134
backpack 459 70 754 460
laptop 0 12 94 158
laptop 242 127 451 304
laptop 86 105 171 136
laptop 163 235 326 347
backpack 453 70 759 461
laptop 163 235 322 355
laptop 0 18 95 158
backpack 471 68 765 460
laptop 179 234 330 349
backpack 479 67 772 459
laptop 178 233 334 361
backpack 476 67 773 460
laptop 172 233 338 371
backpack 480 65 775 459
laptop 167 232 344 373
laptop 0 11 120 153
backpack 477 65 782 459
laptop 0 12 121 154
laptop 148 230 345 375
backpack 477 64 785 458
laptop 0 11 125 152
laptop 185 230 351 369
laptop 317 231 478 308
backpack 488 63 790 457
laptop 189 229 361 370
laptop 0 10 129 151
backpack 490 63 789 456
laptop 196 228 366 367
laptop 0 10 132 149
laptop 329 231 487 306
backpack 480 64 799 456
laptop 201 228 362 365
laptop 3 11 145 148
laptop 133 99 215 128
laptop 335 234 489 303
backpack 481 63 800 454
laptop 201 227 369 365
laptop 136 98 219 128
laptop 5 10 144 147
laptop 335 233 491 302
backpack 484 60 801 452
laptop 203 225 374 363
laptop 8 9 143 145
backpack 492 61 800 450
laptop 208 224 376 360
laptop 15 8 146 142
laptop 143 97 225 126
backpack 526 88 793 444
laptop 207 222 380 359
laptop 145 96 226 125
laptop 17 5 149 142
backpack 527 91 794 441
laptop 210 220 377 358
laptop 24 3 154 140
laptop 146 95 231 126
backpack 527 89 796 438
laptop 212 217 375 355
laptop 26 3 162 138
laptop 148 93 233 124
backpack 528 91 797 435
laptop 216 215 376 351
laptop 29 3 171 137
backpack 513 54 804 439
laptop 214 213 377 348
laptop 32 1 166 133
backpack 496 53 803 436
laptop 216 212 380 344
laptop 37 1 165 132
backpack 501 51 799 433
laptop 37 0 164 130
laptop 220 209 385 339
laptop 319 209 506 286
backpack 506 49 800 430
laptop 218 206 389 338
laptop 324 209 507 284
backpack 512 46 798 428
laptop 217 204 390 335
laptop 42 0 169 127
laptop 304 205 506 282
backpack 485 44 799 425
laptop 218 200 389 332
laptop 43 0 169 126
laptop 317 203 504 279
backpack 491 43 796 422
laptop 219 198 387 329
laptop 45 0 169 123
backpack 505 40 796 418
laptop 225 194 386 322
laptop 46 0 167 117
backpack 510 38 792 416
laptop 213 192 390 323
laptop 47 0 169 113
backpack 500 35 789 412
laptop 211 190 387 321
laptop 49 0 170 114
backpack 491 31 789 410
laptop 218 187 387 316
laptop 48 0 170 112
backpack 493 29 788 406
laptop 212 184 386 316
laptop 49 0 170 111
backpack 487 28 787 402
laptop 201 181 389 316
laptop 51 0 170 109
backpack 494 26 782 397
laptop 185 179 384 313
backpack 498 24 780 394
laptop 191 176 386 310
backpack 499 22 781 389
laptop 160 173 386 307
backpack 500 18 779 384
laptop 164 168 398 305
laptop 358 182 500 248
backpack 476 13 777 380
laptop 144 165 386 300
laptop 53 1 167 92
backpack 471 8 774 373
laptop 146 159 385 293
backpack 477 0 760 358
backpack 469 0 756 348
backpack 473 0 751 339
laptop 201 133 364 252
backpack 451 0 746 332
laptop 336 136 476 205
backpack 444 0 738 323
laptop 331 132 467 198
backpack 456 0 733 317
backpack 714 104 960 260
backpack 447 0 728 306
backpack 443 0 725 297
backpack 463 0 709 290
backpack 462 0 706 284
laptop 169 83 335 203
backpack 456 0 700 275
laptop 175 78 328 192
backpack 451 0 698 269
laptop 303 87 438 151
laptop 167 72 323 192
backpack 434 0 697 264
backpack 680 59 945 204
laptop 297 85 432 146
laptop 179 67 325 186
backpack 419 0 691 258
laptop 154 65 315 181
laptop 299 80 430 142
backpack 678 54 939 198
backpack 404 0 686 255
laptop 157 63 315 178
backpack 671 52 932 192
laptop 289 77 422 138
backpack 401 0 682 251
backpack 664 48 928 191
backpack 428 0 675 246
laptop 284 68 415 134
backpack 660 46 917 188
laptop 156 55 301 168
backpack 396 0 672 244
laptop 282 66 414 129
backpack 392 1 664 241
laptop 279 65 407 127
laptop 135 48 300 164
backpack 383 1 658 238
laptop 273 64 404 124
backpack 392 1 655 235
laptop 267 63 399 121
backpack 381 2 651 232
laptop 120 42 274 156
laptop 262 59 393 119
backpack 379 0 648 230
laptop 128 40 270 153
laptop 259 57 390 117
backpack 366 0 642 228
laptop 101 38 275 159
backpack 367 0 637 226
laptop 109 36 269 157
laptop 251 55 384 112
backpack 356 0 631 224
laptop 63 34 272 164
laptop 244 51 372 110
backpack 361 0 625 219
laptop 75 31 255 162
backpack 347 0 620 217
laptop 99 29 250 150
backpack 343 0 616 215
backpack 341 0 611 212
laptop 90 25 247 146
backpack 340 0 611 209
backpack 336 0 607 207
backpack 332 0 603 204
backpack 343 0 602 201
backpack 348 0 599 196
backpack 341 0 606 191
backpack 350 0 612 185
backpack 321 0 602 179
backpack 574 0 818 123
backpack 320 0 603 171
backpack 317 0 586 161
backpack 314 0 582 153
backpack 326 0 589 143
backpack 309 0 585 132
cell phone 87 0 192 48
backpack 307 0 575 124
backpack 307 0 569 111
backpack 322 0 574 102
backpack 310 0 569 96
backpack 325 0 567 85
backpack 293 0 567 77
backpack 291 0 566 70
