Video length: 11.205s
Max ID: 88

ID        Frist                    Last                     Duration                 *in second
1          0.071                  4.600                  4.529                 
2          0.071                  6.241                  6.170                 
3          0.071                  0.971                  0.900                 
4          0.071                  0.398                  0.327                 
5          0.071                  4.797                  4.726                 
6          0.071                  11.205                 11.134                
7          0.103                  3.504                  3.401                 
11         0.236                  3.802                  3.566                 
13         0.306                  1.236                  0.930                 
14         0.333                  0.633                  0.300                 
15         0.371                  1.068                  0.697                 
18         0.470                  5.396                  4.926                 
20         0.530                  0.735                  0.205                 
21         0.599                  5.839                  5.240                 
22         0.633                  1.471                  0.838                 
24         0.735                  0.869                  0.134                 
28         0.971                  2.372                  1.401                 
30         1.437                  1.970                  0.533                 
31         1.437                  6.601                  5.164                 
32         1.471                  2.034                  0.563                 
34         1.501                  2.034                  0.533                 
36         1.568                  11.105                 9.537                 
38         1.699                  1.798                  0.099                 
40         1.798                  1.834                  0.036                 
42         1.834                  6.537                  4.703                 
48         1.901                  2.004                  0.103                 
51         1.936                  1.970                  0.034                 
52         1.936                  2.071                  0.135                 
55         2.034                  2.680                  0.646                 
61         2.338                  11.205                 8.867                 
62         2.372                  5.174                  2.802                 
65         2.576                  11.105                 8.529                 
66         2.638                  5.533                  2.895                 
67         2.638                  3.000                  0.362                 
71         2.806                  11.105                 8.299                 
73         2.906                  3.066                  0.160                 
74         2.906                  3.198                  0.292                 
77         2.977                  10.906                 7.929                 
78         3.066                  4.533                  1.467                 
82         3.268                  4.029                  0.761                 
86         3.399                  10.941                 7.542                 
87         3.478                  3.598                  0.120                 
88         3.598                  7.332                  3.734                 
