S -0.034
S 0.032
S 0.071
1
2
3
4
5
6
S 0.103
1
2
3
4
5
6
7
S 0.165
1
2
3
4
5
6
7
S 0.205
1
2
3
4
5
7
S 0.236
1
2
3
4
5
7
11
S 0.269
1
2
3
4
5
7
11
S 0.306
1
2
3
4
5
7
11
13
S 0.333
1
2
3
4
5
7
11
13
14
S 0.371
1
2
3
4
5
7
11
14
15
S 0.398
1
2
3
4
5
7
11
14
15
S 0.445
1
2
3
5
7
11
14
15
S 0.470
1
3
5
7
11
14
15
18
S 0.496
1
3
5
7
11
14
15
18
S 0.530
1
3
5
7
11
14
15
18
20
S 0.575
1
3
5
7
11
14
15
18
20
S 0.599
1
3
5
7
11
14
15
18
20
21
S 0.633
1
3
5
11
14
15
18
20
21
22
S 0.667
1
3
5
11
15
18
20
21
22
S 0.704
1
2
3
11
15
18
20
21
22
S 0.735
1
2
3
11
15
18
20
21
22
24
S 0.769
1
2
3
11
15
18
21
22
24
S 0.800
1
2
3
11
15
18
21
22
24
S 0.835
2
3
15
18
21
22
24
S 0.869
2
3
15
18
21
22
24
S 0.902
2
3
15
18
21
22
S 0.935
2
3
15
18
21
22
S 0.971
2
3
13
15
18
21
22
28
S 1.005
2
13
15
18
22
28
S 1.030
2
6
13
15
18
22
28
S 1.068
2
6
13
15
18
22
28
S 1.101
2
6
13
18
22
28
S 1.131
2
6
13
18
22
28
S 1.169
1
2
6
13
18
22
28
S 1.200
1
2
6
13
18
22
28
S 1.236
1
2
6
13
18
22
28
S 1.270
1
2
6
22
28
S 1.303
1
2
6
22
28
S 1.336
1
2
6
22
28
S 1.370
1
2
6
22
28
S 1.403
1
2
6
22
28
S 1.437
1
6
22
28
30
31
S 1.471
1
6
22
28
30
31
32
S 1.501
1
6
28
30
31
32
34
S 1.531
1
6
28
30
31
34
S 1.568
1
6
28
30
31
34
36
S 1.600
1
6
28
30
31
34
36
S 1.632
1
6
28
30
31
34
36
S 1.670
1
6
28
30
31
34
36
S 1.699
1
6
28
30
31
34
36
38
S 1.737
1
28
30
31
34
36
38
S 1.773
1
5
28
30
31
32
34
36
38
S 1.798
5
28
30
31
32
34
38
40
S 1.834
2
5
28
30
31
32
34
40
42
S 1.871
2
28
30
31
32
34
42
S 1.901
2
28
30
31
32
42
48
S 1.936
2
28
30
31
32
42
48
51
52
S 1.970
2
28
30
31
32
34
42
48
51
52
S 2.004
2
7
11
28
31
32
34
42
48
S 2.034
2
7
11
28
31
32
34
36
42
52
55
S 2.071
2
7
11
28
36
42
52
55
S 2.101
2
7
11
28
36
42
55
S 2.133
2
7
11
28
36
55
S 2.163
2
7
11
28
36
55
S 2.205
2
6
7
11
28
36
55
S 2.235
2
6
7
11
28
55
S 2.271
2
6
7
11
28
55
S 2.296
2
6
11
28
55
S 2.338
2
6
11
28
55
61
S 2.372
1
2
6
11
28
55
61
62
S 2.398
1
2
11
55
62
S 2.431
1
2
11
55
62
S 2.470
1
2
11
55
62
S 2.505
1
2
11
55
62
S 2.530
1
2
11
55
62
S 2.576
1
2
11
55
62
65
S 2.598
1
11
55
62
65
S 2.638
1
11
55
62
65
66
67
S 2.680
1
11
55
62
65
66
67
S 2.703
1
11
62
65
66
67
S 2.734
1
11
62
65
66
67
S 2.775
1
11
18
62
65
66
67
S 2.806
1
11
18
62
65
66
67
71
S 2.835
1
11
18
62
65
66
67
71
S 2.868
1
11
62
65
66
67
71
S 2.906
1
11
65
66
67
71
73
74
S 2.933
1
11
65
66
67
71
73
74
S 2.977
1
11
65
66
67
71
73
74
77
S 3.000
1
5
11
65
66
67
71
73
74
77
S 3.034
1
5
11
66
71
73
74
77
S 3.066
5
11
66
71
73
77
78
S 3.104
5
11
66
71
74
77
78
S 3.132
5
11
66
71
74
77
78
S 3.169
5
11
66
71
74
77
78
S 3.198
5
11
66
71
74
77
78
S 3.232
5
11
21
66
71
77
S 3.268
5
7
11
21
66
71
77
82
S 3.305
5
7
11
21
71
77
82
S 3.333
5
7
11
21
61
71
77
S 3.364
5
7
11
21
61
71
77
S 3.399
5
7
11
21
61
71
77
86
S 3.444
5
7
11
21
61
71
77
86
S 3.478
5
7
11
21
61
71
77
86
87
S 3.504
5
7
11
21
61
71
77
86
87
S 3.529
5
6
11
21
61
77
86
87
S 3.575
5
6
11
21
61
77
86
87
S 3.598
5
6
11
21
61
77
86
87
88
S 3.647
5
6
11
21
61
86
88
S 3.668
5
6
11
21
61
86
S 3.703
5
6
11
21
61
86
89
S 3.735
5
6
11
21
61
86
89
90
S 3.776
2
5
6
11
21
61
86
90
S 3.802
2
5
6
11
21
61
86
90
S 3.828
5
6
21
61
86
S 3.878
5
6
21
61
86
93
94
S 3.904
5
6
21
61
93
94
S 3.928
5
6
21
42
61
93
94
S 3.967
5
6
21
42
61
62
82
93
94
S 3.997
5
21
42
62
82
93
94
98
S 4.029
5
18
21
42
62
82
93
94
98
S 4.066
5
18
21
42
62
93
94
98
S 4.103
5
18
21
42
62
93
94
98
S 4.135
5
18
21
42
62
93
94
98
S 4.163
5
18
21
42
93
94
98
103
S 4.199
5
18
21
42
93
94
103
S 4.234
5
18
21
42
93
94
103
S 4.267
5
18
21
31
42
77
93
94
103
S 4.298
1
5
18
21
31
42
77
93
94
103
S 4.334
1
5
21
31
42
77
93
94
103
S 4.376
1
5
21
31
42
77
90
93
94
103
S 4.399
1
5
21
31
42
77
89
90
93
94
103
S 4.436
1
5
18
21
31
42
77
89
94
103
S 4.475
1
5
18
21
36
42
77
78
94
103
S 4.502
5
21
36
42
77
78
94
103
S 4.533
1
5
21
36
62
78
94
103
S 4.568
1
5
21
62
94
103
S 4.600
1
5
21
61
62
94
103
S 4.642
5
21
61
62
94
103
112
S 4.676
5
21
61
62
94
103
112
S 4.694
5
21
61
62
94
112
S 4.730
5
21
61
62
94
112
S 4.767
5
21
61
62
90
94
112
115
116
S 4.797
5
21
61
62
90
94
112
115
116
S 4.839
21
61
62
94
112
116
118
119
S 4.863
21
62
94
112
116
118
119
S 4.911
2
21
62
94
112
116
118
119
S 4.944
2
21
62
65
94
112
116
119
121
S 4.972
2
21
62
65
94
112
116
119
121
S 5.001
2
21
62
65
94
112
116
119
121
122
S 5.051
2
21
62
65
94
112
116
119
121
122
125
S 5.074
2
21
62
65
66
86
94
116
119
125
S 5.098
2
21
62
66
86
94
116
119
S 5.133
2
21
62
66
86
94
116
119
S 5.174
2
21
31
62
66
86
94
116
119
S 5.197
2
21
31
66
88
89
94
116
119
S 5.236
2
21
31
88
89
94
116
119
S 5.269
2
21
31
88
94
116
119
130
S 5.309
2
21
31
94
119
130
S 5.336
2
21
31
94
119
130
S 5.374
2
18
21
31
94
119
130
S 5.396
2
18
21
31
94
119
130
S 5.436
21
31
94
119
130
S 5.471
21
31
94
115
119
130
S 5.500
21
31
66
94
115
119
130
S 5.533
21
31
66
71
94
115
119
S 5.564
21
31
71
94
112
115
119
S 5.597
21
31
42
77
94
98
112
115
119
S 5.635
21
31
42
77
94
98
112
S 5.673
21
31
42
77
94
98
112
118
137
S 5.702
21
31
42
77
94
98
112
118
137
S 5.741
21
31
42
77
94
98
112
118
137
S 5.764
21
31
42
94
98
112
118
137
S 5.801
21
31
94
98
112
118
137
141
S 5.839
21
31
94
98
112
118
137
141
S 5.874
31
94
98
112
118
S 5.899
31
94
98
118
143
S 5.934
31
94
98
143
S 5.965
31
36
94
98
143
S 6.001
31
36
98
112
143
S 6.037
31
36
61
98
112
143
148
S 6.072
31
36
61
98
112
122
143
148
S 6.108
31
36
98
112
122
143
148
S 6.131
2
31
36
98
112
143
148
S 6.175
2
31
88
98
143
S 6.198
2
31
88
98
143
152
S 6.241
2
6
31
88
94
98
143
152
S 6.267
6
31
86
90
94
98
143
152
S 6.296
31
86
90
94
98
143
152
156
S 6.331
31
90
94
98
143
152
156
S 6.372
31
94
98
152
156
S 6.401
31
94
98
156
S 6.437
31
94
98
156
158
159
S 6.470
31
94
98
156
158
159
S 6.497
31
42
94
98
103
119
156
158
S 6.537
31
42
94
98
103
119
158
159
S 6.571
6
31
94
98
103
119
158
159
164
S 6.601
6
31
94
98
103
119
158
159
164
S 6.638
6
94
98
103
119
158
164
165
S 6.681
6
94
98
103
119
158
164
165
S 6.706
6
94
98
103
119
158
164
165
S 6.732
6
94
98
103
119
158
164
165
S 6.776
6
94
98
103
118
119
158
164
165
S 6.804
6
65
94
98
103
118
119
158
164
165
S 6.831
6
65
71
94
98
103
118
119
164
165
S 6.868
6
65
71
94
98
103
118
119
164
165
S 6.905
6
65
71
94
98
103
118
119
164
165
S 6.937
6
36
65
71
94
98
103
118
119
164
165
S 6.970
36
65
71
98
103
118
119
164
165
S 6.998
36
65
71
98
103
118
119
164
165
S 7.033
36
65
71
98
103
118
119
164
165
S 7.065
36
65
71
98
103
118
119
164
165
S 7.099
36
65
71
98
103
118
119
164
165
S 7.129
36
65
71
98
118
119
164
165
S 7.164
36
65
71
98
118
119
164
165
S 7.199
36
65
71
98
118
119
165
S 7.231
6
36
65
71
98
118
119
165
S 7.266
6
65
71
98
118
119
165
175
S 7.309
6
65
71
88
98
118
119
148
158
175
S 7.332
6
61
71
88
98
118
148
158
S 7.376
6
61
71
98
118
158
175
S 7.397
61
71
98
118
158
175
S 7.429
61
71
98
118
141
158
175
S 7.477
61
71
77
98
118
141
158
175
179
S 7.501
71
77
86
98
118
141
158
175
179
S 7.532
71
77
86
98
141
175
179
180
S 7.574
71
77
86
98
112
141
175
179
180
S 7.614
71
77
86
98
112
141
179
180
S 7.646
71
77
86
98
112
179
180
S 7.677
71
77
86
98
179
180
S 7.700
71
77
86
98
179
180
181
S 7.740
71
77
86
98
179
181
S 7.778
71
77
86
98
179
181
S 7.798
71
77
86
98
179
181
S 7.839
71
77
86
90
98
179
181
S 7.866
71
86
90
98
179
181
S 7.907
71
86
90
98
179
181
S 7.930
86
90
98
179
181
184
S 7.978
86
90
98
179
181
184
S 8.007
77
86
90
98
179
181
184
S 8.052
77
86
98
179
184
S 8.078
77
86
98
179
184
S 8.107
77
86
98
103
179
184
187
S 8.149
36
77
86
98
103
179
184
187
S 8.199
36
77
86
98
179
184
187
S 8.207
36
77
86
98
118
179
184
187
190
S 8.238
6
36
77
86
98
118
187
190
S 8.263
6
36
77
86
98
118
187
190
S 8.310
36
77
86
98
118
187
190
192
S 8.331
36
77
86
98
118
122
187
190
192
S 8.362
77
86
118
122
179
187
190
192
S 8.405
77
86
118
122
179
187
190
192
S 8.453
77
86
118
122
158
187
190
192
196
S 8.476
77
86
118
122
158
187
192
196
S 8.510
71
77
86
118
122
158
187
192
196
S 8.544
65
71
77
86
122
158
187
192
S 8.575
65
71
86
122
158
187
192
S 8.605
65
71
86
122
187
192
S 8.649
65
71
86
122
141
187
192
S 8.681
71
86
112
122
141
187
S 8.703
71
86
112
122
141
187
S 8.727
71
86
112
122
141
187
S 8.774
71
86
90
112
122
141
187
S 8.807
71
90
112
122
141
187
S 8.826
71
90
112
122
141
187
S 8.883
71
90
112
122
141
187
S 8.906
71
90
112
119
122
141
187
199
S 8.939
71
86
90
112
119
122
141
187
199
S 8.976
71
86
112
119
141
187
199
S 9.010
71
86
112
119
141
148
187
199
S 9.038
71
86
112
141
148
181
187
199
S 9.074
71
86
112
141
148
181
187
199
S 9.106
36
71
86
112
141
181
187
199
S 9.136
36
86
112
141
165
181
187
S 9.172
86
112
141
165
181
187
S 9.213
86
112
141
165
180
181
187
202
S 9.235
86
112
119
141
165
180
181
187
202
S 9.277
86
112
119
141
180
187
202
S 9.309
86
112
119
141
148
187
202
S 9.344
86
112
141
148
187
202
S 9.381
6
86
112
141
187
202
S 9.410
6
86
112
141
187
202
S 9.443
6
61
71
86
112
141
187
202
S 9.469
6
61
71
86
112
141
187
S 9.505
6
61
71
86
112
141
187
S 9.545
6
61
71
86
112
141
179
184
187
S 9.572
61
86
112
141
179
184
187
S 9.608
61
86
90
112
141
179
184
187
S 9.641
86
90
112
141
184
187
S 9.678
86
90
112
141
184
187
S 9.704
86
90
112
141
165
184
187
S 9.742
86
90
112
141
165
184
187
S 9.773
86
90
112
141
165
184
187
S 9.806
86
90
112
141
165
175
184
187
S 9.831
86
112
141
165
175
184
187
192
S 9.877
86
118
141
165
175
184
187
192
S 9.906
118
148
165
175
187
192
S 9.937
118
148
165
175
187
192
S 9.979
118
165
187
192
S 10.008
65
118
165
187
192
S 10.036
65
118
165
187
S 10.076
65
118
165
187
199
S 10.110
118
187
199
S 10.137
118
187
199
S 10.185
118
187
199
S 10.213
118
187
199
S 10.238
118
187
199
209
210
211
S 10.270
118
180
187
196
209
210
211
S 10.307
118
180
187
196
210
211
S 10.343
118
158
187
196
210
211
212
S 10.369
118
158
187
196
210
211
212
S 10.407
112
118
158
181
187
196
210
212
S 10.436
112
158
181
187
196
209
210
212
215
S 10.475
71
77
112
158
187
196
209
210
215
S 10.505
71
77
112
158
187
196
215
S 10.543
71
112
158
187
215
S 10.576
71
112
158
187
215
217
S 10.609
71
112
158
187
215
217
219
S 10.635
71
112
158
187
215
217
219
S 10.677
71
112
158
187
215
217
219
S 10.709
65
71
112
158
184
187
215
217
S 10.743
65
112
158
179
184
187
215
217
S 10.772
65
112
119
158
179
184
187
192
215
217
S 10.801
112
119
122
165
184
187
192
215
217
220
S 10.836
77
112
122
165
184
187
192
215
217
220
S 10.868
77
112
122
184
187
215
217
220
S 10.906
77
86
112
122
180
184
187
215
217
220
S 10.941
86
112
122
180
184
187
211
215
217
S 10.963
112
122
148
180
184
187
211
215
217
S 11.004
71
112
122
148
180
184
187
211
215
217
S 11.035
36
71
112
122
180
184
187
211
215
217
S 11.071
36
65
71
122
180
184
187
215
217
223
S 11.105
6
36
65
71
122
158
184
187
209
215
217
223
S 11.144
6
61
122
158
187
196
209
215
217
223
S 11.185
6
61
122
158
187
196
202
209
215
217
223
S 11.205
6
61
122
187
192
196
202
209
215
217
223
S 0.000
