car 837 182 960 231
car 519 166 631 208
car 130 158 237 244
car 25 159 75 180
truck 758 166 870 213
car 311 175 383 226
car 827 184 960 233
car 513 166 624 210
car 143 158 258 245
truck 751 167 867 214
car 25 158 76 179
car 614 175 642 191
car 304 178 397 242
car 126 157 172 180
car 819 185 960 233
car 509 167 618 210
car 158 158 275 246
car 25 158 76 179
truck 743 168 868 216
car 615 177 643 192
car 127 155 175 181
car 287 169 408 242
car 816 186 960 234
car 173 159 281 247
car 503 168 612 209
car 26 157 74 179
car 613 177 643 192
truck 735 169 851 216
car 258 199 394 289
car 294 170 424 250
car 800 183 948 231
car 490 166 599 207
car 203 160 312 249
car 23 158 72 178
car 614 174 642 190
truck 725 167 831 213
car 124 156 176 180
car 389 185 461 252
car 784 183 935 230
car 482 165 590 205
car 215 158 319 249
truck 716 166 814 211
car 19 156 65 177
car 611 174 639 189
car 119 154 173 180
car 297 195 438 288
car 769 181 920 229
car 473 163 579 204
car 226 158 330 250
car 606 174 634 189
car 11 156 59 176
truck 702 165 815 211
car 410 181 491 256
car 115 155 168 179
car 756 182 902 228
car 461 164 567 206
car 237 164 344 254
car 3 158 49 179
car 212 160 273 189
truck 690 166 796 212
car 105 153 159 182
car 598 174 628 190
car 378 183 505 257
car 57 158 104 180
car 744 184 885 229
car 248 168 359 260
car 449 169 554 210
car 204 169 278 196
truck 679 169 788 215
car 1 165 38 184
car 182 164 225 191
car 98 164 151 188
car 593 179 621 194
car 395 188 518 266
car 50 161 97 186
car 731 184 869 228
car 258 171 362 264
car 446 171 542 211
car 192 171 271 200
truck 665 170 765 215
car 0 168 28 190
car 176 169 214 195
car 89 164 144 192
car 587 180 615 194
car 41 170 87 191
car 717 177 852 220
car 179 168 260 199
car 451 167 528 206
car 268 168 384 263
truck 651 163 746 211
car 580 176 607 190
car 30 169 78 190
car 0 167 15 190
car 432 188 547 270
car 702 174 838 215
car 281 173 386 266
car 166 167 252 200
truck 642 161 728 207
car 251 170 315 198
car 464 166 516 203
car 575 174 604 189
car 76 170 128 194
car 14 171 72 193
car 693 169 828 210
car 158 169 246 200
car 298 170 408 265
car 252 170 316 196
truck 632 157 721 202
car 70 170 124 195
car 571 170 599 185
car 481 165 508 196
car 17 171 66 195
car 632 157 719 203
car 682 165 817 204
car 152 169 242 198
car 570 166 597 181
car 262 169 316 194
car 65 163 121 194
car 16 171 63 194
car 317 167 460 262
car 624 153 715 199
car 402 175 601 265
car 676 164 811 203
car 147 169 240 198
car 330 166 432 265
car 63 165 119 194
car 257 167 316 194
car 568 166 595 181
truck 619 151 714 198
car 15 172 62 195
car 462 182 625 266
car 670 164 804 205
car 143 170 230 199
car 63 165 119 194
truck 613 151 706 198
car 258 168 314 194
car 0 184 18 226
car 568 166 596 181
car 5 170 63 195
car 344 167 459 264
car 464 170 647 271
car 662 162 793 203
car 138 168 222 198
car 250 166 311 194
car 0 185 24 227
car 61 165 118 193
car 354 166 462 226
car 565 165 594 181
truck 607 150 701 196
car 521 179 667 265
car 6 171 59 194
car 370 169 512 262
car 608 150 700 197
car 398 159 463 174
car 657 161 785 200
car 134 164 217 195
car 62 164 116 190
car 0 168 34 224
car 366 160 472 222
car 250 163 309 191
car 576 187 693 266
truck 601 150 698 193
car 392 166 520 259
car 16 168 61 190
car 601 150 699 194
car 652 158 781 197
car 130 161 213 192
car 0 164 42 220
car 60 160 117 186
car 378 159 497 220
car 248 159 312 187
car 370 153 455 193
car 606 180 718 268
truck 604 148 675 185
car 413 164 601 261
car 9 161 61 184
car 646 157 774 197
car 128 158 213 188
car 0 159 55 217
car 365 153 444 190
car 395 161 478 225
car 62 155 118 182
car 627 187 741 268
car 253 156 312 183
car 433 161 571 258
car 763 157 787 172
car 126 158 208 188
car 411 160 528 229
car 0 160 64 217
car 653 159 765 198
car 359 153 450 190
car 63 156 118 182
car 251 156 313 184
car 762 161 785 175
car 458 162 670 262
car 643 185 759 272
car 355 154 452 192
car 0 159 74 218
car 121 158 206 188
car 674 160 759 201
car 424 162 562 232
car 246 156 314 185
car 64 156 119 182
car 761 163 786 177
car 474 164 629 261
car 351 155 450 192
car 0 157 86 218
car 441 163 581 234
car 119 159 207 188
car 244 157 316 185
car 698 162 753 199
car 68 157 119 181
car 761 164 788 178
car 503 166 674 263
car 731 161 754 176
car 456 164 577 233
car 346 155 444 193
car 0 160 95 217
car 116 159 214 188
car 245 158 316 186
car 520 166 666 264
car 67 158 117 182
car 762 164 787 179
car 726 167 749 193
car 586 151 623 167
car 0 165 21 232
car 342 156 440 194
car 473 166 593 237
car 1 159 105 217
car 112 159 212 188
car 244 158 316 187
car 0 158 32 234
car 70 159 118 184
car 541 166 657 266
car 763 166 785 180
car 489 164 613 237
car 339 155 434 192
car 6 158 119 214
car 113 157 206 186
car 0 156 52 233
car 251 157 315 184
car 567 164 759 267
car 72 154 117 181
car 505 164 634 236
car 334 153 429 190
car 0 154 61 232
car 18 156 128 214
car 110 156 206 185
car 252 156 316 183
car 811 194 949 275
car 591 166 816 267
car 70 150 115 173
car 330 154 424 191
car 521 166 659 239
car 0 155 77 234
car 21 158 138 215
car 104 158 186 185
car 253 157 316 185
car 613 167 786 268
car 164 157 210 183
car 323 155 418 191
car 537 165 684 240
car 0 156 90 237
car 32 157 148 215
car 254 158 316 185
car 109 160 178 184
car 635 167 757 274
car 551 150 601 184
truck 550 150 606 186
car 553 165 705 240
car 0 155 108 243
car 320 155 414 192
car 35 158 162 216
car 254 158 317 186
car 115 160 174 186
car 658 168 791 273
car 548 152 611 191
car 0 163 128 249
car 574 166 730 243
car 318 159 413 196
car 53 164 179 222
car 687 163 958 277
car 259 162 319 190
car 546 152 607 195
truck 547 152 608 195
car 121 164 180 194
car 0 174 146 263
car 594 169 768 248
car 319 165 412 202
car 716 168 960 282
car 263 170 324 198
car 78 175 192 233
car 588 165 685 203
car 547 158 614 200
car 888 175 960 260
car 1 187 168 273
car 616 172 791 251
car 318 173 409 210
car 586 168 681 208
car 739 169 937 275
car 89 183 207 242
car 266 178 325 206
car 544 161 615 204
truck 543 161 613 205
car 0 195 191 282
car 634 175 809 253
car 584 173 690 212
car 772 170 957 269
car 105 190 222 250
car 317 179 406 216
car 269 185 324 213
car 542 166 614 209
car 779 169 809 184
car 0 194 212 281
car 580 171 695 210
car 656 172 838 252
car 800 168 956 264
car 540 164 599 207
car 313 179 404 214
car 119 190 235 247
car 271 183 329 211
car 0 191 234 279
car 579 167 695 207
car 675 168 872 248
car 827 162 960 261
car 309 176 402 211
car 142 187 247 239
car 538 161 598 203
car 274 180 329 208
car 0 192 25 213
car 6 189 257 277
car 579 165 694 204
car 698 163 960 245
car 310 173 400 209
car 537 159 602 200
car 27 188 278 277
car 721 163 931 245
car 578 165 693 203
car 310 173 399 209
car 537 159 608 200
car 756 160 786 174
car 49 188 299 278
car 748 169 954 251
car 577 169 693 208
car 306 175 402 212
car 539 161 610 204
car 763 164 793 179
car 76 188 324 277
car 775 175 960 257
car 579 173 695 211
car 309 177 404 213
car 542 167 615 207
car 772 169 802 185
car 813 169 837 184
car 808 176 960 262
car 104 186 353 274
car 587 175 702 213
car 318 176 410 212
car 549 167 624 208
car 788 172 816 188
car 827 172 848 187
car 88 188 144 210
car 47 191 88 210
car 135 180 383 272
car 843 177 960 264
car 594 174 708 212
car 326 174 417 210
car 842 173 864 188
car 802 173 830 188
car 556 166 623 207
car 919 179 960 440
car 137 186 184 208
car 104 185 154 206
car 864 173 888 188
car 62 187 104 206
car 160 181 410 272
car 596 175 711 213
car 335 174 420 209
car 873 178 960 267
car 559 165 635 208
car 145 184 200 207
car 813 173 840 190
car 852 174 875 189
car 113 184 160 205
car 72 186 113 204
car 178 182 433 276
car 595 177 709 215
car 900 189 960 264
car 348 177 419 211
car 559 168 625 210
car 139 185 221 210
car 815 176 845 192
car 79 188 123 207
car 857 176 879 190
car 121 186 160 206
car 199 184 454 278
car 595 178 705 216
car 355 179 416 210
car 138 186 219 212
car 925 186 960 265
car 860 177 884 192
car 822 177 848 193
car 557 169 628 211
car 82 191 122 208
car 121 188 163 209
car 880 176 902 191
car 217 184 478 279
car 589 179 703 216
car 138 187 212 213
car 82 192 126 212
car 555 169 620 211
car 818 175 851 192
car 360 179 413 206
car 863 173 905 193
truck 862 170 906 193
car 239 183 502 280
car 589 178 701 215
car 136 188 221 214
car 84 193 129 214
car 866 176 890 191
car 828 177 854 192
car 554 169 623 211
car 257 181 526 278
car 584 176 698 212
car 143 188 215 214
car 89 193 131 213
car 870 173 892 188
car 550 168 606 209
car 827 173 857 188
car 277 178 546 277
car 581 172 693 210
car 547 166 606 207
car 139 186 226 212
car 92 191 133 211
car 872 170 896 184
car 837 171 861 185
car 823 171 841 184
car 578 170 691 207
car 296 175 570 276
car 545 164 602 203
car 140 183 213 208
car 874 167 898 182
car 92 188 136 208
car 839 168 861 182
car 823 168 841 181
car 896 167 916 181
car 311 172 591 273
car 574 168 684 205
car 541 161 593 201
car 872 166 897 181
car 838 166 859 181
car 90 184 133 202
car 137 173 227 203
car 822 166 850 181
car 313 172 380 211
car 894 164 914 180
car 326 170 615 275
car 565 168 675 205
car 535 160 584 201
car 316 171 401 219
car 835 167 857 182
car 870 167 894 182
car 89 181 132 199
car 133 174 203 200
car 0 185 18 230
car 661 169 690 188
car 819 167 837 181
car 311 170 366 200
car 342 165 644 272
car 564 165 670 202
car 308 164 374 197
car 132 171 194 195
car 0 186 23 227
car 336 169 419 217
car 91 175 133 193
car 872 164 897 180
car 947 180 960 201
car 533 157 583 194
car 662 165 692 187
car 838 165 860 180
car 822 165 839 179
car 894 164 914 180
car 366 161 675 268
car 565 160 668 194
car 348 163 445 214
car 132 167 194 192
car 0 177 35 224
car 307 160 380 192
car 944 171 960 194
car 92 171 135 190
car 841 158 862 173
car 875 158 900 173
car 824 159 841 172
car 666 161 693 176
car 537 151 587 174
car 184 156 230 188
car 396 159 699 269
car 0 170 54 227
car 367 161 463 220
car 138 168 197 192
car 307 160 382 192
car 583 157 669 192
car 944 165 960 188
car 100 172 143 192
car 671 156 702 177
car 844 152 870 169
car 882 152 908 169
car 276 161 315 187
car 830 153 847 167
truck 544 148 583 167
car 383 159 411 178
car 427 157 740 266
car 389 159 493 221
car 1 171 73 228
car 316 157 394 190
car 147 166 205 190
car 602 152 672 185
car 680 153 711 171
car 109 170 153 191
car 894 149 919 164
car 857 149 881 165
car 198 156 246 187
car 949 161 960 182
car 841 150 859 163
car 450 151 768 265
car 0 166 88 220
car 406 152 525 218
car 316 152 403 185
car 151 160 207 185
car 901 145 925 159
car 866 145 888 160
car 117 165 156 185
car 687 148 717 164
car 846 146 866 160
car 950 157 960 180
car 614 148 673 175
car 287 155 321 181
car 204 151 251 182
car 923 144 942 158
car 669 145 690 161
car 469 150 794 268
car 0 161 93 218
car 417 152 537 218
car 309 151 386 183
car 144 159 204 183
car 863 148 885 162
car 899 146 923 161
car 938 154 960 184
car 845 145 863 161
car 113 161 151 181
car 922 146 942 160
car 485 154 817 272
car 425 154 543 221
car 1 161 98 219
car 303 153 379 185
car 893 150 918 165
car 139 159 195 183
car 926 154 960 188
car 856 150 881 166
car 106 162 144 183
car 840 151 858 165
car 281 155 317 180
car 681 151 714 169
car 532 144 579 167
car 357 151 414 183
car 506 153 850 273
car 438 155 565 222
car 0 163 107 220
car 296 153 378 186
car 133 159 197 184
car 893 151 919 165
car 856 150 881 167
car 107 162 143 185
car 840 151 858 165
car 365 152 419 182
car 919 151 960 188
truck 918 141 960 191
car 533 155 888 276
car 0 163 123 221
car 456 156 593 223
car 293 154 381 186
car 899 149 927 166
car 131 160 202 185
car 918 151 960 188
car 848 149 887 166
car 380 154 435 183
car 578 152 620 167
car 112 163 153 186
car 845 150 863 165
car 562 157 930 283
car 5 166 138 224
car 475 158 619 228
car 300 157 379 189
car 920 153 960 192
car 904 152 940 169
car 128 165 211 189
car 862 153 894 170
car 852 156 870 169
car 584 155 639 177
car 375 154 436 186
car 595 159 960 288
car 21 168 157 225
car 496 160 652 231
car 304 159 379 191
car 920 156 960 196
car 381 159 446 188
car 878 156 903 173
car 912 156 950 171
car 149 166 219 189
car 860 158 879 172
car 625 161 959 294
car 39 167 174 224
car 517 161 678 231
car 308 159 382 192
car 395 162 454 189
car 924 157 960 197
car 886 159 913 175
car 157 164 229 189
car 869 159 888 175
car 519 153 576 193
truck 924 155 960 195
car 658 161 959 294
car 58 166 191 224
car 538 160 702 233
car 311 159 387 191
car 397 161 462 188
car 926 158 960 192
car 162 163 232 189
car 716 161 747 175
car 895 159 922 175
car 530 152 589 192
car 75 163 209 222
car 692 158 960 290
car 559 159 736 232
car 316 158 390 189
car 405 158 468 187
car 533 153 585 189
car 722 159 755 175
car 213 161 242 185
car 171 161 227 186
car 941 156 960 177
car 556 160 605 189
car 88 162 224 220
car 723 157 960 290
car 578 158 768 232
car 557 158 625 189
car 317 156 390 188
car 409 158 473 185
car 534 151 581 187
car 189 159 244 183
car 728 157 757 172
car 104 157 239 214
car 759 155 960 290
car 600 154 777 230
car 560 153 640 188
car 318 152 393 183
car 535 146 588 186
car 121 151 256 211
car 796 158 960 293
car 622 153 816 231
car 322 148 396 180
car 562 150 657 185
car 538 145 585 184
car 421 151 486 178
car 220 149 260 172
car 140 150 273 211
car 645 158 851 243
car 835 167 960 297
car 567 156 656 190
car 327 149 398 180
car 542 147 587 186
car 427 150 494 180
car 918 161 935 177
car 234 150 268 172
car 667 164 886 255
car 154 153 288 214
car 328 153 402 184
car 874 173 960 309
car 557 160 659 195
car 433 157 502 184
car 542 152 588 190
car 924 169 944 185
car 171 157 306 217
car 691 171 932 263
car 330 157 409 188
car 556 164 659 200
car 544 157 589 195
car 446 161 507 188
car 916 166 960 313
car 933 169 959 193
car 190 159 324 220
car 717 174 960 268
car 570 168 664 201
car 335 158 407 189
car 550 159 594 197
car 941 174 960 210
car 453 163 516 190
car 211 162 345 223
car 747 179 960 275
car 573 170 669 204
car 343 161 419 192
car 558 161 602 199
car 463 166 525 193
car 765 170 789 188
car 787 175 817 188
car 232 164 369 226
car 781 182 959 280
car 580 172 675 207
car 352 163 439 194
car 565 164 609 201
car 0 161 24 203
car 799 179 832 194
car 475 169 539 195
car 254 166 390 228
car 813 183 960 277
car 0 158 45 206
car 589 172 681 207
car 359 165 443 194
car 572 165 617 202
car 811 178 850 194
car 484 168 546 195
car 274 170 409 232
car 846 182 960 276
car 591 173 687 208
car 369 167 436 198
car 0 160 63 209
car 578 167 619 203
car 824 178 860 195
car 504 170 558 198
car 256 170 286 190
car 289 171 427 234
car 876 180 960 270
car 587 173 688 207
car 2 167 78 213
car 832 177 867 193
car 382 169 443 196
car 580 166 626 204
car 501 170 559 198
car 812 173 833 190
car 244 171 297 190
car 301 172 439 237
car 901 180 960 270
car 589 172 684 207
car 1 170 85 218
car 834 177 869 192
car 579 167 627 203
car 384 172 453 196
car 503 170 557 199
car 242 172 296 193
car 307 176 449 241
car 578 174 677 208
car 920 186 960 271
car 832 177 866 194
car 3 176 88 223
car 572 170 616 205
car 517 173 557 201
car 381 174 448 197
car 241 176 297 197
car 313 178 457 243
car 566 176 667 210
car 3 181 87 228
car 826 177 861 194
car 939 184 960 261
car 492 174 553 203
car 234 178 292 200
car 805 174 826 190
car 319 177 465 244
car 558 175 657 209
car 2 184 88 233
car 935 181 960 209
car 821 174 854 189
car 251 183 286 202
car 494 176 549 203
car 800 170 822 187
car 331 182 476 248
car 555 176 651 210
car 2 191 96 239
car 820 173 854 189
car 927 179 960 209
car 511 178 552 205
car 293 183 335 204
car 251 184 289 206
car 338 188 488 254
car 549 181 643 215
car 1 198 98 248
car 918 180 960 212
car 818 177 851 193
car 503 183 551 211
car 290 191 339 212
car 798 175 819 190
car 227 194 284 214
car 336 192 490 259
car 533 184 628 218
car 0 205 90 256
car 898 173 960 214
car 806 180 839 196
car 494 187 536 214
car 325 193 366 218
car 276 195 318 216
car 216 199 274 220
car 785 178 807 193
car 344 197 497 265
car 884 174 960 215
car 0 212 92 264
car 521 189 617 221
car 315 196 375 224
car 799 182 831 198
car 271 199 310 222
car 233 206 267 226
car 777 179 800 196
car 201 206 238 223
car 359 200 515 266
car 882 173 960 214
car 0 216 103 267
car 523 190 615 222
car 316 198 377 227
car 804 181 835 197
car 237 208 273 227
car 506 192 532 217
car 274 204 310 224
car 203 207 238 223
car 781 179 803 194
car 373 195 531 263
car 0 213 114 264
car 523 188 614 219
car 881 171 960 211
car 315 195 383 224
car 808 178 839 193
car 240 204 273 223
car 275 196 314 220
car 787 176 807 191
car 387 193 546 262
car 523 188 612 217
car 877 172 960 211
car 2 209 124 261
car 312 193 381 221
car 810 177 842 193
car 279 196 317 219
car 243 201 275 222
car 505 186 553 211
car 517 184 609 214
car 870 171 960 210
car 4 203 132 255
car 399 187 562 258
car 311 189 377 216
car 810 175 843 191
car 242 195 276 216
car 279 192 315 212
car 788 173 810 190
car 0 208 35 314
car 409 184 573 255
car 864 168 960 208
car 6 196 137 248
car 523 180 600 210
car 309 183 371 212
car 808 172 842 188
car 242 192 274 211
car 279 186 315 209
car 424 182 592 254
car 858 168 960 207
car 18 195 146 248
car 309 183 370 210
car 522 176 601 208
car 810 172 843 188
car 241 188 277 210
car 439 180 609 253
car 27 193 158 247
car 856 165 960 205
car 306 180 367 208
car 814 169 846 185
car 791 167 813 184
car 242 188 279 208
car 533 175 595 202
car 9 193 47 215
car 455 176 629 251
car 40 191 170 245
car 856 164 960 202
car 308 178 372 206
car 818 167 851 184
car 249 186 283 205
car 796 165 819 180
car 473 176 650 252
car 56 190 186 245
car 856 165 960 203
car 308 178 374 206
car 827 168 858 184
car 254 185 287 205
car 0 191 22 219
car 803 166 826 181
car 412 178 451 203
car 490 179 672 256
car 855 169 960 208
car 70 192 198 248
car 309 181 376 209
car 829 172 864 189
car 0 192 28 219
car 41 195 82 223
car 507 182 691 260
car 79 192 210 248
car 854 175 960 211
car 311 183 377 210
car 833 176 868 193
car 0 192 33 220
car 262 190 296 208
car 0 197 13 234
car 50 194 90 223
car 89 191 225 250
car 526 183 715 264
car 855 177 960 215
car 314 184 376 212
car 0 195 24 235
car 840 179 874 195
car 507 179 553 214
car 2 194 49 220
car 424 184 474 210
car 59 194 104 221
car 548 185 742 267
car 102 195 242 252
car 857 179 960 218
car 0 198 38 238
car 320 187 378 214
car 512 185 566 216
car 851 182 885 197
car 14 195 49 220
car 430 187 477 212
car 574 189 770 272
car 126 201 258 259
car 514 187 587 220
car 0 204 53 246
car 863 181 960 220
car 326 193 388 219
car 860 184 897 201
car 440 192 479 216
car 27 203 76 226
car 85 203 138 235
car 594 195 802 278
car 141 210 278 268
car 518 192 603 227
car 867 186 960 224
car 1 214 67 256
car 333 202 391 227
car 97 214 147 243
car 449 199 488 223
car 40 214 91 239
car 619 195 832 281
car 159 215 296 272
car 521 195 609 229
car 871 187 960 225
car 335 205 395 230
car 6 220 79 261
car 86 218 162 251
car 453 203 493 226
car 374 202 424 227
car 177 212 314 271
car 644 195 865 284
car 526 196 612 229
car 875 188 960 226
car 21 217 98 259
car 343 204 400 229
car 462 202 502 226
car 104 216 179 249
car 391 202 433 225
car 190 209 329 268
car 667 196 895 285
car 527 194 618 229
car 877 190 960 227
car 345 202 402 228
car 27 212 108 255
car 107 213 187 248
car 467 201 509 225
car 394 200 438 223
car 690 191 925 284
car 203 204 344 264
car 528 191 623 224
car 346 196 403 223
car 879 187 960 224
car 35 205 117 250
car 111 205 196 242
car 398 198 443 220
car 214 197 357 259
car 712 187 956 282
car 529 186 608 219
car 348 191 405 217
car 43 200 124 242
car 475 190 521 214
car 116 198 203 236
car 589 188 628 214
car 401 190 447 214
car 881 182 960 225
car 732 185 960 285
car 225 192 371 255
car 530 184 608 216
car 46 192 130 237
car 121 192 211 230
car 335 187 403 212
car 587 185 630 211
car 902 184 960 247
car 401 189 449 210
car 478 186 525 212
car 755 186 960 290
car 235 190 383 253
car 527 184 608 216
car 347 185 404 211
car 48 187 138 233
car 128 189 216 229
car 909 187 960 244
car 590 186 631 213
car 479 178 530 211
truck 48 186 135 233
car 245 188 397 252
car 780 189 960 290
car 53 184 146 231
car 524 184 607 216
car 592 186 635 213
car 350 185 402 208
car 135 187 222 224
car 918 189 960 237
car 14 185 57 216
car 804 190 960 297
car 258 189 410 254
car 63 185 154 232
car 525 185 608 217
car 594 187 637 213
car 357 187 404 208
car 141 187 227 224
car 18 185 53 219
car 486 185 532 211
car 270 193 426 258
car 830 191 960 296
car 68 189 161 236
car 521 187 601 219
car 594 188 642 216
car 152 191 234 229
car 487 185 530 214
car 359 188 403 207
car 382 181 457 211
car 25 189 49 223
car 148 192 185 224
car 280 196 440 263
car 856 191 960 296
car 76 194 169 242
car 517 189 597 222
car 596 192 642 218
car 154 195 241 231
car 490 189 526 217
car 293 199 455 268
car 884 192 960 296
car 83 200 174 246
car 516 191 593 224
car 579 193 645 221
car 856 192 955 228
car 162 199 249 234
car 491 187 528 219
car 417 199 461 218
car 159 201 200 231
car 304 202 470 272
car 88 203 182 251
car 852 195 944 231
car 515 193 593 226
car 912 195 960 300
car 596 197 646 224
car 164 204 253 240
car 37 204 86 239
car 166 205 203 242
car 313 207 485 278
car 846 199 959 235
car 90 211 186 257
car 604 203 645 228
car 510 199 589 232
car 38 208 90 244
car 938 195 960 302
car 169 210 207 244
car 169 208 261 245
car 493 198 528 229
car 321 209 497 282
car 838 200 960 238
car 94 216 190 262
car 504 204 577 235
car 601 205 644 230
car 37 211 88 249
car 166 215 209 244
car 83 213 133 240
car 490 201 525 232
car 2 213 69 248
car 569 201 605 231
car 332 212 516 285
car 99 219 194 264
car 833 201 954 238
car 499 207 587 236
car 600 206 643 232
car 942 200 960 243
car 59 216 91 252
car 83 217 123 246
car 168 217 215 249
car 344 211 530 286
car 103 218 201 264
car 829 199 943 236
car 495 205 575 235
car 598 205 644 230
car 933 197 960 240
car 41 214 96 253
car 336 210 383 233
car 84 215 127 240
car 564 205 606 232
car 178 215 219 242
car 180 214 260 251
car 357 208 548 283
car 824 195 940 232
car 110 214 209 262
car 494 202 571 232
car 929 194 960 238
car 51 212 102 249
car 599 202 646 227
car 339 205 387 229
car 90 213 129 241
car 562 198 607 229
car 185 211 229 242
car 376 205 571 282
car 827 194 940 231
car 122 212 222 260
car 607 198 653 225
car 63 209 112 247
car 504 198 592 229
car 929 189 960 235
car 343 204 401 227
car 99 210 139 237
car 195 209 244 229
car 391 206 592 285
car 827 194 938 231
car 130 213 232 262
car 613 200 658 225
car 510 197 588 229
car 74 209 121 249
car 926 195 960 236
car 108 212 142 236
car 345 205 390 227
car 390 206 423 225
car 1 212 35 237
car 201 210 260 244
car 402 206 610 286
car 821 193 934 229
car 133 213 237 263
car 611 199 657 226
car 918 193 960 235
car 72 210 123 251
car 105 213 148 238
car 348 205 388 228
car 525 195 600 227
car 388 208 428 225
car 203 210 261 238
car 2 213 35 239
car 414 208 628 290
car 135 218 242 268
car 811 195 921 231
car 586 200 655 228
car 904 193 960 235
car 60 217 124 254
car 335 208 386 232
car 386 209 424 229
car 107 217 144 240
car 210 214 265 242
car 425 206 643 289
car 136 216 243 267
car 802 191 913 227
car 604 199 651 225
car 895 188 960 231
car 101 215 143 241
car 55 216 123 253
car 383 207 419 227
car 327 207 379 229
car 211 213 261 239
car 423 206 462 226
car 435 202 662 290
car 138 214 252 267
car 795 190 907 226
car 585 197 650 224
car 884 183 960 232
car 321 206 377 227
car 71 215 125 252
car 379 205 417 225
car 212 212 262 232
car 105 215 143 238
car 2 214 69 249
car 419 206 468 225
car 448 203 681 291
car 138 214 253 267
car 786 191 883 226
car 600 197 644 224
car 872 181 960 230
car 47 214 122 252
car 315 206 371 226
car 374 205 412 225
car 209 211 263 238
car 99 215 139 238
car 343 209 374 228
car 416 205 462 225
car 461 200 703 289
car 138 211 256 264
car 777 189 871 223
car 857 179 960 228
car 372 202 410 223
car 70 212 126 248
car 458 200 515 227
car 309 203 370 224
car 599 196 642 221
car 212 208 269 234
car 413 201 466 223
car 67 201 89 215
car 92 213 134 237
car 341 206 372 226
car 472 197 723 286
car 142 208 261 261
car 768 186 863 219
car 843 175 960 223
car 448 196 515 224
car 305 198 349 221
car 366 197 408 220
car 46 206 127 247
car 219 206 272 231
car 411 196 463 219
car 338 201 369 222
car 485 193 745 287
car 142 207 264 261
car 835 174 960 223
car 760 184 859 217
car 441 193 524 222
car 298 197 364 221
car 44 205 126 247
car 364 197 405 219
car 219 205 273 229
car 408 196 455 218
car 499 194 768 289
car 144 208 267 264
car 749 186 844 219
car 821 176 960 224
car 68 210 124 248
car 435 196 532 225
car 362 200 400 221
car 300 200 356 222
car 403 199 445 220
car 219 206 276 232
car 514 194 792 291
car 148 208 276 265
car 742 189 830 219
car 811 177 959 224
car 430 197 498 224
car 61 211 127 251
car 359 201 397 222
car 299 201 356 224
car 476 192 534 223
car 399 201 441 221
car 534 191 827 291
car 154 206 283 263
car 813 175 953 221
car 739 186 827 217
car 60 207 132 247
car 430 193 514 222
car 359 199 397 219
car 298 199 357 222
car 401 199 443 218
car 29 205 81 245
car 557 189 860 293
car 167 206 295 263
car 811 175 953 221
car 62 207 141 247
car 430 194 516 222
car 746 186 829 216
car 316 199 365 222
car 361 195 403 220
car 404 197 441 218
car 582 189 621 215
car 580 191 899 298
car 176 205 306 264
car 807 177 951 224
car 69 206 149 247
car 429 196 519 223
car 365 198 406 220
car 764 187 833 215
car 336 203 366 221
car 575 190 630 218
car 406 195 439 219
car 924 180 959 201
car 604 191 943 302
car 186 204 314 261
car 812 180 947 226
car 73 203 158 243
car 573 191 646 218
car 427 195 496 221
car 369 196 408 218
car 344 202 369 218
car 769 188 820 207
car 0 205 19 229
car 454 189 527 221
car 296 200 352 216
car 634 189 960 310
car 202 197 332 256
car 840 181 949 228
car 86 195 171 235
car 598 190 647 216
car 430 192 500 218
car 375 194 417 213
car 663 194 960 319
car 218 193 348 253
car 848 187 953 230
car 592 192 656 218
car 93 190 185 230
car 432 187 540 218
car 383 191 424 212
car 344 192 387 211
car 0 190 11 212
car 1 189 38 214
car 700 198 960 329
car 233 192 366 254
car 101 189 199 229
car 438 191 507 218
car 611 193 665 219
car 397 191 432 212
car 858 191 952 225
car 0 186 21 209
car 733 200 960 334
car 249 193 380 253
car 118 189 211 227
car 443 192 510 217
car 617 193 672 219
car 1 184 31 206
car 748 198 830 227
car 859 191 953 217
car 366 192 414 212
car 410 190 438 211
car 258 192 391 254
car 120 189 219 227
car 762 199 959 337
car 745 198 841 229
car 1 184 35 206
car 607 194 674 221
car 441 190 536 219
car 37 185 64 209
car 791 205 960 340
car 264 192 397 257
car 117 189 221 228
car 738 200 819 231
car 600 195 672 224
car 802 196 934 235
car 2 184 32 207
car 436 193 498 219
car 457 190 534 220
car 820 210 960 333
car 120 191 222 230
car 794 198 927 238
car 730 202 814 232
car 269 194 400 258
car 597 197 668 224
car 1 186 27 209
car 425 195 492 221
car 456 191 526 222
car 847 207 960 330
car 123 190 224 230
car 785 197 920 238
car 274 193 404 260
car 721 200 808 231
car 593 196 664 224
car 0 185 22 208
car 429 195 481 220
car 89 186 140 219
car 466 191 524 221
car 519 191 573 220
car 121 191 228 232
car 281 195 413 262
car 777 196 909 240
car 713 200 804 230
car 881 195 960 336
car 591 196 662 224
car 0 186 18 209
car 445 191 522 221
car 91 187 140 220
car 126 191 233 232
car 773 194 903 239
car 290 194 420 259
car 709 198 800 228
car 605 195 662 222
car 0 186 18 209
car 918 194 960 338
car 88 187 137 220
car 285 192 339 216
car 135 190 240 231
car 769 192 897 236
car 707 197 797 227
car 297 194 429 258
car 596 193 662 220
car 0 184 21 209
car 83 186 142 220
car 22 185 90 217
car 292 192 358 226
car 135 188 244 229
car 763 192 887 236
car 702 197 791 227
car 594 192 661 221
car 0 183 19 207
car 84 184 145 219
car 302 193 446 258
car 295 191 371 232
car 22 183 94 216
car 137 187 246 229
car 694 195 779 225
car 296 191 361 235
car 318 193 445 260
car 752 190 876 235
car 603 192 659 219
car 77 182 140 219
car 0 183 28 208
car 504 191 536 216
car 277 189 318 204
car 25 183 91 215
car 444 187 499 215
car 139 191 249 232
car 685 195 772 225
car 298 192 373 239
car 589 193 656 221
car 744 191 867 233
car 327 195 470 263
car 74 186 138 222
car 0 185 41 214
car 501 192 536 216
car 271 191 316 205
car 8 185 96 219
car 0 186 12 209
car 945 201 960 215
car 141 197 251 238
car 677 198 759 228
car 733 192 855 235
car 299 197 372 244
car 581 195 651 224
car 334 199 519 267
car 77 193 133 230
car 939 198 960 216
car 501 194 535 219
car 10 197 35 220
car 22 193 85 228
car 138 204 250 246
car 664 201 748 231
car 295 205 365 252
car 721 196 840 237
car 340 206 526 276
car 572 199 644 228
car 78 201 125 239
car 930 200 960 218
car 1 205 30 230
car 254 204 303 219
car 130 211 245 254
car 650 205 732 234
car 291 209 388 260
car 705 198 820 239
car 342 210 513 281
car 913 202 952 219
car 46 208 113 247
car 568 203 633 232
car 129 213 243 256
car 290 211 391 261
car 693 199 805 239
car 637 205 716 235
car 903 202 942 219
car 47 211 108 250
car 347 211 545 285
car 560 204 626 233
car 235 210 277 224
car 137 210 251 252
car 635 203 713 232
car 296 207 401 258
car 691 196 802 236
car 560 201 628 229
car 907 199 943 216
car 364 209 577 280
car 49 206 111 246
car 143 200 260 242
car 302 197 423 249
car 632 194 710 224
car 687 189 798 228
car 908 192 947 209
car 44 197 115 236
car 381 199 573 274
car 584 192 628 220
car 306 189 433 242
car 148 191 265 234
car 629 187 705 215
car 679 180 790 221
car 905 184 944 201
car 579 185 629 212
car 394 189 560 266
car 49 186 116 226
car 0 187 53 224
car 148 188 268 232
car 310 186 438 240
car 671 177 780 218
car 620 183 695 212
car 900 181 939 198
car 411 186 557 267
car 569 182 636 210
car 48 185 113 225
car 150 184 271 229
car 311 183 447 238
car 417 182 661 269
car 610 180 686 209
car 663 174 772 213
car 895 178 933 196
car 50 180 112 220
car 574 181 618 206
car 311 180 458 234
car 150 180 274 224
car 654 171 761 211
car 430 180 681 266
car 604 178 679 206
car 889 175 928 191
car 52 176 108 215
car 314 180 460 236
car 152 180 278 225
car 646 173 752 212
car 47 176 105 216
car 612 178 669 206
car 441 181 701 269
car 887 177 923 194
car 322 180 473 238
car 159 180 283 226
car 640 175 746 213
car 464 182 734 275
car 47 177 107 218
car 885 178 923 196
car 620 181 662 202
car 297 179 344 201
car 328 180 487 238
car 168 180 292 225
car 485 182 759 281
car 654 175 741 212
car 887 179 924 196
car 52 176 111 216
car 307 180 349 202
car 336 183 495 242
car 175 182 303 229
car 507 185 793 285
car 658 178 738 215
car 888 184 927 201
car 57 179 114 220
car 312 183 359 205
car 23 183 45 219
car 342 187 504 246
car 184 186 312 233
car 531 186 827 291
car 55 183 120 225
car 891 187 929 203
car 661 182 737 214
car 306 186 365 210
car 25 188 51 219
car 355 189 521 250
car 196 189 324 235
car 560 185 865 297
car 72 185 129 226
car 898 190 935 207
car 313 189 366 212
car 371 192 535 251
car 212 192 339 238
car 588 186 912 303
car 82 188 140 228
car 909 193 944 210
car 319 190 373 214
car 43 190 60 215
car 363 187 410 211
car 587 190 623 216
car 386 191 552 253
car 227 191 354 237
car 655 192 959 307
car 89 187 153 227
car 368 186 407 213
car 919 193 957 211
car 669 187 723 201
car 324 187 378 213
car 0 191 27 218
car 594 193 662 220
car 212 189 252 205
car 399 190 572 252
car 243 189 370 235
car 697 194 960 312
car 98 183 164 226
car 927 191 959 212
car 592 191 657 220
car 374 185 420 211
car 219 187 258 204
car 645 188 736 221
car 6 186 32 215
car 338 190 375 209
car 411 190 585 252
car 257 188 385 235
car 719 193 960 316
car 646 187 747 224
car 108 183 175 225
car 591 191 658 219
car 939 192 960 213
car 226 188 266 203
car 380 183 427 212
car 0 180 39 215
car 424 187 601 250
car 271 185 399 232
car 744 193 960 314
car 112 179 184 222
car 647 184 772 221
car 586 188 657 215
car 384 181 433 211
car 0 180 23 207
car 232 183 269 197
car 24 184 98 212
car 1 183 55 211
car 435 184 615 249
car 281 183 409 230
car 764 191 959 309
car 120 178 190 219
car 645 182 740 219
car 1 177 41 204
car 379 181 444 209
car 596 186 659 214
car 231 180 268 194
car 31 179 57 207
car 443 185 626 251
car 289 183 417 231
car 789 191 959 311
car 641 183 740 219
car 120 178 194 219
car 383 179 438 207
car 1 177 30 203
car 597 187 656 214
car 229 180 266 195
car 33 174 126 211
car 453 185 642 253
car 298 184 429 232
car 824 196 960 309
car 641 183 739 221
car 128 178 199 220
car 593 187 659 215
car 0 177 31 203
car 35 179 64 208
car 235 180 266 194
car 37 178 117 209
car 466 187 658 254
car 313 184 445 233
car 641 185 742 223
car 133 177 210 220
car 866 190 960 318
car 1 176 38 201
car 608 189 661 216
car 45 173 131 209
car 239 179 271 194
car 44 176 66 207
car 485 187 679 255
car 330 183 461 232
car 645 186 747 223
car 143 176 222 218
car 13 175 50 199
car 619 190 665 211
car 26 174 81 204
car 503 185 703 254
car 348 181 481 230
car 157 173 236 215
car 656 183 755 222
car 28 171 65 197
car 71 173 92 203
car 633 188 675 208
car 521 185 728 255
car 366 183 501 231
car 174 175 253 218
car 667 184 760 221
car 44 174 83 200
car 84 175 113 205
car 545 187 754 256
car 388 184 525 234
car 191 179 271 221
car 63 179 101 204
car 689 184 770 221
car 106 181 128 211
car 570 189 785 260
car 409 186 548 235
car 208 182 288 226
car 80 183 118 209
car 700 184 781 218
car 4 178 39 205
car 120 184 145 214
car 172 184 202 209
car 584 188 806 261
car 426 186 566 237
car 224 184 301 226
car 93 184 132 210
car 704 184 784 213
car 14 179 50 206
car 131 183 154 212
car 599 189 829 265
car 442 188 583 237
car 228 183 311 227
car 103 185 136 210
car 711 185 790 215
car 143 183 164 215
car 424 186 469 210
car 25 179 60 203
car 393 186 444 208
car 615 193 855 269
car 458 192 601 242
car 244 187 323 229
car 111 188 149 214
car 590 190 621 216
car 34 182 70 207
car 152 189 176 216
car 717 190 792 215
car 430 187 476 214
car 636 196 879 275
car 475 196 619 248
car 252 193 333 236
car 122 195 159 219
car 440 191 495 219
car 45 189 80 209
car 164 194 184 225
car 213 196 231 217
car 653 201 906 280
car 490 202 637 253
car 260 200 344 243
car 131 202 164 227
car 53 198 88 219
car 603 200 633 220
car 667 203 929 286
car 503 207 652 259
car 268 207 352 250
car 135 210 175 236
car 447 204 507 231
car 652 209 704 234
car 60 206 95 228
car 176 210 199 239
car 677 206 943 291
car 510 209 661 262
car 266 211 351 254
car 131 214 170 239
car 647 213 700 237
car 53 210 89 233
car 225 216 251 236
car 447 207 518 235
car 678 207 950 292
car 511 210 665 264
car 260 212 348 253
car 123 214 161 239
car 678 207 756 237
car 41 210 83 233
car 644 211 691 237
car 167 215 188 244
car 521 211 675 266
car 691 210 959 295
car 260 212 351 256
car 122 214 161 240
car 672 207 762 241
car 641 214 678 237
car 39 211 82 235
car 438 209 488 236
car 167 213 186 245
car 710 208 960 298
car 537 210 695 265
car 274 209 361 254
car 130 213 170 238
car 676 207 766 241
car 50 210 94 232
car 173 212 196 242
car 445 206 506 234
car 646 213 684 228
car 732 205 960 293
car 556 205 715 260
car 286 204 375 249
car 682 201 770 236
car 141 207 181 233
car 60 205 104 233
car 753 199 960 286
car 299 199 388 244
car 574 200 744 256
car 153 202 189 228
car 702 196 779 229
car 71 199 114 223
car 459 197 523 224
car 530 205 577 223
car 777 193 960 283
car 591 194 762 251
car 308 193 398 238
car 161 196 200 223
car 707 190 789 226
car 81 194 123 221
car 538 199 586 217
car 473 193 528 217
car 205 199 222 226
car 798 188 959 277
car 316 191 409 236
car 610 190 782 249
car 169 194 207 220
car 713 186 802 221
car 90 190 131 219
car 214 193 233 224
car 265 194 296 221
car 472 192 521 215
car 817 190 960 280
car 325 192 416 238
car 625 192 802 251
car 175 194 214 222
car 723 189 807 221
car 94 193 137 222
car 639 191 824 252
car 836 190 960 281
car 330 193 424 238
car 177 195 215 223
car 96 195 142 222
car 748 189 813 213
car 551 197 596 215
car 223 197 245 227
car 511 194 548 214
car 655 190 845 252
car 856 190 960 280
car 337 193 431 240
car 180 197 220 224
car 102 194 145 224
car 639 193 688 218
car 510 193 551 214
car 229 197 247 227
car 463 194 516 216
car 345 194 440 241
car 672 189 868 254
car 879 190 960 279
car 186 198 225 225
car 640 193 693 221
car 557 199 602 217
car 463 193 513 216
car 512 194 551 215
car 105 197 151 225
car 232 201 253 229
car 691 192 892 255
car 353 197 451 243
car 904 193 960 281
car 194 201 234 227
car 644 196 701 223
car 117 199 159 227
car 562 198 608 219
car 522 194 558 217
car 241 202 260 231
car 704 195 915 260
car 361 200 459 246
car 198 203 237 230
car 646 197 702 225
car 928 188 960 285
car 689 193 763 225
car 123 203 163 229
car 521 199 567 220
car 568 201 611 221
car 245 202 267 235
car 725 198 939 265
car 366 204 468 250
car 203 207 242 235
car 689 197 769 232
car 644 202 703 230
car 123 207 168 234
car 568 206 613 224
car 526 202 565 224
car 250 205 272 239
car 745 202 960 268
car 377 206 478 253
car 209 210 249 237
car 647 205 704 232
car 691 200 779 234
car 135 209 175 237
car 573 209 621 227
car 528 206 570 227
car 257 210 278 241
car 474 203 510 227
car 308 216 321 241
car 766 202 960 272
car 388 205 491 254
car 694 202 781 236
car 218 210 257 237
car 649 206 708 233
car 540 207 576 228
car 137 209 182 237
car 581 210 626 229
car 268 211 325 242
car 266 207 285 241
car 793 202 959 273
car 398 202 502 251
car 698 199 794 234
car 224 206 264 232
car 652 203 715 230
car 147 205 190 232
car 585 208 632 225
car 550 204 582 225
car 273 204 293 237
car 813 198 960 270
car 403 196 510 245
car 695 196 790 231
car 229 197 266 225
car 652 196 713 227
car 156 197 194 223
car 800 198 840 228
car 587 204 634 221
car 276 198 294 229
car 554 198 587 220
car 125 184 192 223
car 831 202 960 275
car 411 198 519 249
car 694 199 786 234
car 648 201 711 230
car 232 197 273 226
car 801 203 860 232
car 165 199 199 224
car 551 200 591 223
car 588 206 634 224
car 279 199 299 230
car 856 204 960 277
car 420 198 529 250
car 695 201 789 236
car 239 198 286 226
car 651 203 716 231
car 806 205 864 234
car 595 206 644 225
car 168 199 205 223
car 288 199 306 230
car 559 201 598 224
car 492 200 544 225
car 435 196 544 249
car 885 200 960 275
car 702 198 794 233
car 249 195 292 225
car 796 201 878 232
car 655 202 722 228
car 603 205 650 223
car 565 199 603 222
car 167 196 215 223
car 299 196 317 228
car 451 194 562 247
car 833 200 894 230
car 710 198 801 232
car 263 194 304 223
car 190 193 231 221
car 663 202 729 227
car 574 200 614 221
car 921 194 960 274
car 617 204 661 222
car 312 193 331 226
car 464 189 580 244
car 274 190 313 216
car 719 193 809 228
car 845 196 908 226
car 586 194 623 215
car 673 198 729 223
car 208 189 243 215
car 628 197 675 217
car 325 188 342 220
car 476 186 592 240
car 719 190 812 225
car 281 185 320 212
car 677 196 728 219
car 829 193 915 225
car 589 191 628 211
car 209 183 249 210
car 632 194 679 213
car 332 184 349 217
car 485 182 603 238
car 722 188 812 223
car 287 182 326 208
car 222 181 256 206
car 831 192 922 224
car 597 188 635 210
car 676 193 732 217
car 635 193 681 212
car 496 181 616 238
car 725 187 814 222
car 227 178 262 204
car 839 192 929 224
car 293 179 337 208
car 681 191 743 217
car 640 190 687 212
car 596 187 638 208
car 344 177 364 212
car 505 179 628 236
car 725 185 816 219
car 300 178 337 205
car 235 177 269 204
car 683 189 737 214
car 849 189 936 221
car 647 189 690 209
car 607 185 642 205
car 349 177 370 207
car 194 152 240 212
car 514 179 640 235
car 727 183 819 217
car 242 177 275 202
car 305 178 351 205
car 855 187 942 219
car 681 187 741 212
car 614 184 652 203
car 651 188 696 207
car 355 172 377 203
car 726 184 817 218
car 245 180 279 205
car 859 187 945 219
car 309 178 352 208
car 683 189 743 214
car 524 180 653 239
car 654 189 698 208
car 619 184 653 204
car 723 187 812 221
car 530 183 661 242
car 246 183 280 210
car 851 189 946 222
car 311 183 354 211
car 678 190 743 216
car 656 191 695 212
car 358 182 384 210
car 203 162 243 192
car 537 186 670 247
car 247 189 282 215
car 720 190 808 224
car 850 192 948 224
car 311 187 357 216
car 676 194 737 219
car 656 195 691 214
car 205 170 242 200
car 544 190 683 252
car 249 196 284 223
car 717 194 803 226
car 315 194 359 223
car 861 195 948 227
car 666 197 732 223
car 361 193 388 221
car 206 172 246 210
car 552 197 692 257
car 249 204 288 230
car 714 198 800 231
car 664 202 730 227
car 857 197 949 231
car 316 202 380 231
car 370 202 393 229
car 561 200 702 261
car 250 208 289 235
car 710 200 798 232
car 317 206 390 236
car 868 199 950 231
car 678 205 729 229
car 213 197 255 242
car 430 215 459 243
car 564 199 709 262
car 707 199 793 231
car 250 209 287 236
car 851 197 947 230
car 316 205 391 237
car 677 204 725 229
car 207 192 241 219
car 569 201 720 265
car 248 213 289 240
car 703 201 787 233
car 852 198 947 231
car 318 209 394 241
car 433 213 464 247
car 206 193 240 220
car 577 204 732 267
car 249 215 293 243
car 705 204 784 236
car 858 202 949 234
car 321 213 386 243
car 440 221 473 250
car 390 216 468 249
car 209 198 242 221
car 589 200 744 264
car 250 212 296 240
car 707 200 782 232
car 324 210 375 239
car 856 197 952 230
car 446 221 476 245
car 209 189 245 220
car 568 206 600 224
car 412 217 475 245
car 596 193 757 261
car 248 207 298 236
car 710 196 781 226
car 326 205 384 236
car 853 193 954 224
car 448 212 479 242
car 567 200 613 223
car 398 209 478 242
car 211 185 248 222
car 606 189 768 255
car 253 204 300 231
car 328 201 382 231
car 718 190 778 218
car 861 186 957 219
car 400 200 482 238
car 566 196 612 217
car 454 208 485 237
car 212 183 246 209
car 613 183 781 251
car 329 195 383 226
car 250 197 300 227
car 856 182 957 214
car 567 191 610 213
car 455 204 486 232
car 404 197 484 232
car 706 185 780 218
car 211 175 250 212
car 618 182 790 251
car 328 193 383 224
car 250 195 300 225
car 461 205 488 232
car 889 181 931 213
car 208 175 257 232
car 564 189 609 212
car 736 185 791 211
car 623 181 800 250
car 325 192 380 222
car 249 193 298 223
car 450 197 487 230
car 603 186 640 210
car 559 188 608 210
car 913 186 946 212
car 630 181 808 251
car 323 191 378 221
car 248 193 295 223
car 884 182 942 213
car 448 197 487 230
car 599 186 640 209
car 558 186 603 209
car 831 179 856 207
car 636 179 805 249
car 323 189 378 220
car 248 191 296 221
car 879 181 941 212
car 450 197 490 228
car 599 186 647 208
car 645 177 797 246
car 325 189 380 219
car 248 190 297 220
car 851 180 941 212
car 457 192 494 228
car 599 185 642 208
car 327 188 381 219
car 656 176 769 245
car 250 189 300 220
car 880 179 942 211
car 462 201 498 228
car 604 185 663 209
car 833 177 883 209
car 330 189 385 221
car 252 192 304 222
car 882 180 944 212
car 467 196 503 229
car 605 187 672 211
car 662 177 865 254
car 676 176 886 255
car 336 189 394 220
car 257 191 309 222
car 886 180 947 211
car 473 196 513 230
car 657 184 705 210
car 609 185 671 210
car 696 172 900 253
car 337 186 392 218
car 886 178 947 209
car 259 187 310 219
car 655 181 707 208
car 477 193 513 228
car 608 182 656 206
car 630 182 670 207
car 700 171 917 252
car 256 184 310 216
car 336 182 390 215
car 474 183 516 225
car 880 175 946 206
car 605 181 654 203
car 649 177 705 205
truck 201 151 250 214
car 707 169 931 251
car 255 181 309 213
car 333 180 388 212
car 475 183 516 223
car 883 174 940 207
car 602 180 652 202
truck 197 149 246 213
car 947 185 960 212
car 674 176 715 196
car 716 171 945 255
car 255 181 309 214
car 474 183 516 225
car 331 181 392 213
car 654 178 707 207
car 600 182 639 203
car 937 182 960 217
car 873 177 942 211
car 733 175 959 261
car 643 181 707 211
car 259 185 314 218
car 334 184 396 217
car 482 185 524 229
car 886 180 960 223
car 751 176 960 263
car 268 186 324 219
car 645 183 711 212
car 340 186 402 218
car 488 183 550 231
car 902 181 960 225
truck 205 152 259 215
car 572 186 610 206
car 774 173 960 263
car 647 181 719 209
car 280 185 337 218
car 501 186 549 227
car 353 183 417 216
car 757 181 798 208
truck 217 154 273 211
car 802 169 959 260
car 291 183 348 217
car 655 178 725 206
car 371 183 430 215
car 515 185 554 227
car 767 176 817 206
car 359 184 390 206
car 626 181 672 204
truck 227 150 282 212
car 820 167 959 259
car 657 176 726 205
car 298 182 354 216
car 379 182 435 213
car 773 174 839 204
car 520 181 563 226
car 363 182 391 204
truck 232 152 287 211
car 833 168 960 258
car 298 182 356 216
car 653 176 721 205
car 379 182 440 214
car 773 174 840 204
car 523 183 561 226
car 362 182 395 204
car 615 180 658 202
truck 231 151 287 209
car 849 172 960 265
car 299 186 360 219
car 382 185 441 218
car 770 179 823 207
car 362 184 398 207
car 648 182 718 208
truck 233 156 288 213
car 869 176 960 264
car 305 188 364 223
car 388 189 443 222
car 774 182 826 211
car 648 183 716 212
car 365 188 397 211
truck 235 159 290 214
car 539 191 614 238
car 310 192 373 228
car 777 185 829 215
car 890 176 960 269
car 393 192 454 225
car 368 191 404 214
truck 237 158 295 220
car 647 187 718 214
car 623 190 660 213
car 584 194 625 238
car 313 197 376 231
car 397 196 456 230
car 780 189 828 217
car 647 190 715 217
car 368 196 407 220
truck 243 164 298 224
car 904 178 960 274
car 546 198 583 244
car 549 198 634 245
car 626 193 656 214
car 592 204 633 242
car 316 199 376 235
car 399 198 457 231
car 644 190 711 218
car 368 197 410 221
car 780 188 828 217
car 550 199 639 245
truck 241 164 298 226
car 548 198 583 242
car 616 195 649 216
car 928 177 960 273
car 317 202 379 238
car 399 201 461 235
car 778 190 822 218
car 642 192 708 221
car 549 200 589 242
car 368 201 407 224
car 566 202 645 247
car 901 187 959 225
truck 241 170 296 230
car 610 196 649 221
car 316 207 380 243
car 635 195 698 223
car 902 188 960 228
car 551 203 650 251
car 776 192 822 220
car 399 206 462 240
car 372 205 406 229
truck 237 173 296 235
car 551 203 594 247
car 315 211 380 247
car 891 187 960 227
car 400 208 461 243
car 554 205 659 253
car 633 197 693 224
car 772 193 826 221
truck 234 178 295 240
car 367 208 407 231
car 310 211 379 249
car 886 183 960 225
car 397 206 460 242
car 625 194 685 222
car 552 201 659 253
truck 228 180 290 241
car 766 189 815 218
car 363 209 401 229
car 307 209 375 247
car 872 180 960 220
car 548 198 660 249
car 615 192 674 218
truck 220 174 283 238
car 392 206 456 239
car 758 186 802 214
car 359 208 395 226
car 306 210 374 249
car 551 199 667 251
car 866 180 960 220
car 392 207 449 241
car 754 186 802 214
car 356 208 394 231
truck 217 177 282 242
car 616 192 666 218
car 310 208 380 246
car 862 177 960 216
car 553 195 676 248
car 754 183 801 212
car 396 206 440 239
truck 218 174 286 239
car 359 207 397 227
car 619 190 671 214
car 860 172 960 210
car 313 202 384 240
car 562 187 688 241
truck 220 167 287 233
car 756 178 797 205
car 400 198 434 232
car 361 200 396 221
car 854 168 960 207
car 314 198 387 236
car 563 185 694 238
truck 219 163 287 230
car 367 196 396 216
car 755 174 798 202
car 436 194 468 214
car 401 193 426 221
car 312 191 388 233
car 843 166 960 204
car 562 180 700 236
truck 213 159 284 224
car 750 169 791 199
car 422 193 463 226
car 832 166 952 202
car 311 188 386 229
car 561 177 705 234
car 746 169 785 197
car 407 187 464 223
truck 209 156 279 221
car 822 164 942 201
car 307 186 382 226
car 563 178 710 232
car 398 184 480 220
truck 206 152 275 216
car 740 166 785 196
car 901 162 956 194
car 655 174 704 196
car 810 163 928 199
car 565 175 715 229
car 305 183 372 224
truck 200 146 273 215
car 394 181 477 218
car 737 166 779 193
car 891 160 943 192
car 798 161 913 196
car 567 174 722 227
car 392 179 467 215
car 303 180 364 221
car 730 163 783 191
truck 194 143 268 213
car 880 160 932 189
car 791 160 903 195
car 393 176 480 215
car 571 170 730 226
car 302 180 356 219
truck 191 140 266 210
car 727 162 782 190
car 878 160 930 189
car 567 168 594 189
car 556 173 570 191
car 391 173 479 211
car 780 157 894 193
car 574 167 735 224
car 878 157 923 187
truck 188 137 264 206
car 723 160 763 188
car 562 165 595 188
car 301 175 352 215
truck 574 167 733 225
car 770 159 882 193
car 390 171 481 211
car 577 167 742 225
car 298 171 382 217
truck 181 132 259 203
car 873 158 917 188
car 719 159 763 188
car 559 164 596 187
truck 569 168 741 225
car 390 169 482 210
car 583 165 751 225
car 762 159 873 193
car 868 157 912 188
truck 179 132 259 201
car 558 164 591 186
car 715 159 760 187
car 316 169 385 214
car 591 163 762 223
car 756 157 865 192
car 393 166 485 207
car 326 168 389 211
car 857 155 911 186
truck 177 131 259 197
car 714 158 753 184
car 559 161 585 186
car 598 164 777 225
car 751 159 859 193
car 397 165 490 208
car 856 158 911 189
car 316 167 394 211
truck 178 131 260 197
car 579 163 609 185
car 712 158 752 184
car 562 165 581 186
car 399 165 493 208
car 748 160 853 194
car 603 165 787 225
car 310 167 397 212
car 851 159 909 189
truck 178 128 260 197
car 573 165 613 186
car 564 166 577 185
car 612 170 797 232
car 400 170 496 213
car 742 164 844 198
car 310 171 399 217
car 844 162 905 195
car 568 169 610 189
truck 175 129 260 201
car 400 175 497 216
car 305 175 401 220
car 624 174 806 237
car 834 169 900 200
car 746 169 835 202
truck 171 131 257 205
car 568 172 608 194
car 304 174 401 220
car 399 173 496 216
car 635 173 819 237
car 819 167 892 199
car 742 169 822 199
truck 166 129 252 204
car 567 171 602 192
car 286 172 322 196
car 630 172 655 189
car 397 176 498 218
car 302 175 402 223
car 634 175 826 240
car 811 170 886 201
car 738 170 812 200
truck 161 129 247 207
car 565 172 597 195
car 276 174 317 198
car 639 174 840 242
car 399 176 498 218
car 302 175 403 223
car 800 171 882 202
car 276 174 314 197
truck 158 129 246 207
car 565 173 590 194
car 749 172 804 198
car 492 171 520 188
car 649 173 857 243
car 306 173 409 222
car 403 173 506 217
car 275 172 317 195
car 798 171 883 202
truck 158 126 246 204
car 488 170 525 189
car 571 166 612 192
car 662 171 880 243
car 313 168 417 219
car 411 169 514 214
car 801 170 888 201
car 279 166 319 190
truck 165 118 252 197
car 576 171 595 189
car 490 170 534 186
car 606 175 628 192
car 675 169 902 244
car 320 162 428 214
car 420 165 523 210
car 825 168 890 198
car 282 159 328 184
truck 166 112 258 191
car 496 163 540 183
car 584 157 608 186
car 603 168 634 187
car 690 168 921 244
car 327 160 438 213
car 426 163 533 207
car 836 165 892 194
car 284 157 332 182
truck 171 110 265 188
car 692 166 768 191
car 501 162 544 181
car 703 166 945 244
car 335 159 447 212
car 434 160 541 207
car 698 163 768 193
car 287 156 337 181
car 848 163 896 191
truck 176 107 268 187
car 610 165 650 184
car 509 158 544 180
car 726 166 960 244
car 344 158 459 213
car 445 159 551 207
car 290 154 342 180
car 699 161 778 192
car 616 163 661 183
car 855 164 901 190
truck 183 107 274 186
car 736 165 960 245
car 350 158 467 213
car 451 160 560 205
car 293 155 343 179
car 696 161 791 192
car 621 164 663 182
truck 184 105 282 188
car 749 164 960 245
car 353 156 472 212
car 693 159 783 192
car 456 157 568 207
car 292 153 340 178
car 622 160 662 181
truck 182 102 284 186
car 759 161 960 246
car 355 154 474 210
car 456 155 569 205
car 696 158 775 189
car 285 150 335 176
truck 180 100 281 184
car 623 158 656 179
car 770 161 960 245
car 355 155 477 212
car 455 155 572 206
car 694 157 765 189
car 279 150 331 176
truck 176 100 278 186
car 624 157 649 179
car 356 158 481 215
car 778 165 960 246
car 454 158 574 209
car 274 154 326 180
car 667 160 753 193
truck 171 104 275 190
car 624 161 644 182
car 356 162 485 222
car 789 169 959 251
car 458 163 574 214
car 270 159 319 185
car 657 163 745 195
truck 168 108 274 196
car 799 172 959 254
car 357 167 487 227
car 266 166 314 190
car 456 168 576 220
car 646 168 735 199
truck 163 114 268 202
car 793 168 857 196
car 363 173 491 232
car 813 176 960 259
car 466 175 579 225
car 265 170 313 196
truck 158 120 271 206
car 789 171 866 204
car 644 172 728 202
car 544 174 579 192
car 831 178 960 259
car 368 178 499 237
car 471 178 587 229
car 270 175 313 200
truck 165 122 276 213
car 794 174 868 205
car 641 176 722 206
car 846 176 960 257
car 373 180 503 239
car 481 178 590 230
car 642 175 708 206
car 785 173 864 204
truck 161 126 276 216
car 269 178 311 202
car 859 173 960 253
car 375 177 507 239
car 483 176 594 228
car 644 172 707 203
truck 159 125 275 216
car 782 170 862 200
car 269 178 305 202
car 381 180 516 243
car 877 169 960 255
car 492 179 598 231
car 784 172 858 202
truck 159 128 277 220
car 269 180 304 206
car 650 173 703 204
truck 650 174 704 204
car 387 176 536 241
truck 161 125 279 217
car 780 169 860 200
car 503 176 604 229
car 898 166 960 253
car 657 172 699 202
car 273 179 305 202
car 394 170 548 235
car 781 162 858 193
truck 162 118 282 211
car 509 168 612 221
car 916 162 960 245
car 276 171 302 195
car 665 166 699 192
car 699 170 732 192
car 399 166 556 233
truck 159 113 285 208
car 518 163 616 219
car 777 158 855 188
car 934 160 960 238
car 669 161 690 189
car 276 169 301 191
car 399 163 567 231
truck 156 110 288 206
car 521 160 621 216
car 774 155 852 185
car 408 162 576 232
truck 155 109 286 207
car 772 154 849 184
car 523 159 625 216
car 410 166 587 238
truck 153 113 289 211
car 770 156 846 186
car 549 162 627 220
car 421 166 598 238
truck 154 114 290 211
car 779 156 845 187
car 564 163 634 220
car 430 168 611 240
truck 156 114 295 214
car 787 158 844 189
car 548 164 644 223
car 737 160 762 182
truck 930 148 960 190
car 439 168 624 241
truck 158 113 300 214
car 578 164 649 225
car 798 159 843 190
car 918 152 960 192
car 447 167 637 242
truck 158 113 312 214
car 588 165 657 226
car 764 160 844 194
car 458 171 657 248
truck 161 115 314 217
car 590 168 665 228
car 765 164 843 198
car 899 159 947 197
car 938 166 960 204
car 763 171 794 193
car 132 172 169 197
car 466 173 670 251
truck 164 118 314 220
car 893 161 941 198
car 130 177 166 200
car 932 168 960 206
car 596 170 674 222
car 764 168 843 197
car 765 174 804 196
car 477 173 679 254
truck 163 119 320 222
car 924 170 960 206
car 129 178 168 201
car 609 173 678 209
car 887 162 931 199
car 489 175 689 257
truck 167 120 326 225
car 913 172 960 208
car 769 166 824 200
car 130 181 158 203
car 619 174 686 204
car 148 178 183 205
car 880 163 924 200
car 466 180 503 197
car 502 179 701 262
car 912 172 960 211
truck 171 106 339 230
car 788 171 837 201
car 134 186 170 209
car 393 180 429 193
truck 184 120 340 228
car 804 169 853 200
car 518 176 722 261
car 909 170 960 208
car 881 164 916 197
car 139 183 180 207
car 475 181 508 198
car 517 177 549 198
car 157 178 193 208
truck 188 107 351 225
car 533 172 726 259
car 818 167 854 195
car 907 164 960 205
car 143 180 172 201
car 673 171 723 198
car 158 175 194 204
car 477 176 512 194
car 548 171 741 261
truck 195 97 357 224
car 913 165 960 204
car 147 176 172 198
car 481 175 516 192
car 834 166 862 194
car 526 174 554 194
car 168 170 211 203
car 694 170 738 197
car 402 172 432 186
truck 201 96 365 222
car 560 169 868 260
car 562 169 620 198
car 928 165 960 204
car 152 174 177 196
car 484 175 516 191
car 174 171 217 201
truck 208 102 373 218
car 561 168 628 194
car 580 165 906 261
car 898 161 960 203
car 162 164 217 196
car 530 167 575 190
car 485 171 523 190
truck 215 100 385 216
car 564 166 632 192
car 597 167 930 261
car 162 170 184 189
car 178 161 226 196
car 897 167 960 205
car 134 170 168 194
car 491 168 526 187
truck 221 100 392 214
car 617 165 951 258
car 564 164 632 190
truck 182 157 234 193
car 496 167 527 185
car 164 167 190 187
car 539 158 595 187
car 185 158 235 194
car 562 163 630 189
truck 227 96 400 213
car 631 163 954 264
car 495 166 529 184
truck 186 154 239 190
car 932 158 960 235
car 167 163 190 184
car 540 161 572 185
car 562 162 630 189
truck 232 95 408 212
car 652 161 818 256
car 496 166 530 183
car 169 162 197 183
truck 191 153 239 189
car 541 162 573 184
car 196 160 242 190
car 558 161 628 188
truck 231 94 417 213
car 671 164 950 266
car 682 159 720 186
truck 192 153 242 189
car 496 165 531 182
car 167 160 198 181
car 540 161 573 184
car 554 160 621 187
truck 232 92 426 212
car 684 161 959 277
car 681 157 720 185
truck 187 151 243 188
car 168 157 191 180
car 187 151 244 189
car 495 162 530 180
truck 229 90 421 212
car 548 159 613 187
car 698 162 901 262
car 675 158 717 185
truck 183 148 242 188
car 490 160 525 180
car 160 155 186 180
car 182 149 242 188
car 540 159 606 186
truck 226 88 425 213
car 722 163 852 260
car 668 157 711 185
car 155 157 183 180
car 123 156 155 187
truck 180 148 238 188
car 602 157 626 181
car 713 171 735 207
car 484 161 520 179
car 179 149 239 188
car 747 165 864 265
truck 227 89 426 214
car 531 160 598 187
car 665 158 705 187
truck 177 150 236 189
car 592 161 627 184
car 153 157 179 180
car 177 150 237 189
car 121 157 151 185
truck 211 87 433 216
car 525 163 590 189
car 752 170 878 270
car 660 163 703 189
truck 173 151 233 189
car 588 162 637 188
car 147 159 176 184
car 800 159 843 176
car 113 157 147 188
truck 220 86 434 216
car 518 163 582 189
car 763 167 889 274
car 655 163 708 190
car 794 160 841 188
truck 169 150 228 189
car 169 149 228 189
car 144 157 172 182
car 109 156 144 186
car 575 163 619 187
car 220 160 252 192
truck 224 85 440 216
car 515 162 578 189
car 654 162 708 190
car 783 169 957 277
truck 168 149 228 188
car 167 149 228 189
car 572 162 626 187
car 107 156 143 186
car 144 157 172 181
car 222 156 252 192
car 512 165 572 190
truck 228 87 446 219
car 806 176 960 281
car 653 164 696 192
car 811 166 890 201
truck 167 151 229 191
car 140 159 171 182
car 566 164 620 189
car 167 152 229 191
car 470 167 504 185
car 501 165 565 189
truck 227 87 450 220
car 825 178 957 281
car 649 163 691 191
car 819 166 895 200
car 755 165 795 195
car 163 151 225 192
car 132 159 165 183
car 227 162 251 194
truck 163 151 226 190
car 91 156 131 185
car 474 165 498 185
car 492 163 555 188
car 845 164 959 281
truck 221 85 451 221
truck 154 151 220 191
car 832 161 904 196
car 642 160 684 188
car 554 165 605 187
car 123 159 159 184
car 219 160 252 192
car 744 161 781 192
car 460 164 494 182
car 773 163 804 197
truck 225 85 459 220
car 492 161 551 186
car 640 159 681 186
car 872 157 960 277
car 763 158 877 197
truck 154 151 220 192
car 123 161 158 185
car 881 160 923 188
car 217 161 251 192
car 549 165 602 185
car 846 161 918 194
car 735 158 774 188
car 462 163 492 182
car 154 151 220 192
truck 231 82 468 216
car 492 157 550 181
car 876 151 944 183
car 764 153 844 189
car 641 153 686 181
truck 159 150 223 190
car 904 145 960 270
car 461 160 493 178
car 552 159 600 179
car 128 158 163 182
car 233 158 259 186
car 158 150 223 190
truck 128 158 163 184
car 761 146 857 182
truck 244 75 477 212
car 494 151 546 175
car 642 146 685 174
car 889 142 952 175
car 929 134 960 178
car 239 153 262 185
car 127 153 164 179
car 548 151 602 173
truck 161 143 226 185
car 160 144 228 186
car 732 144 769 175
truck 248 71 483 208
car 752 139 864 176
car 490 145 541 170
car 639 141 681 169
car 919 127 960 175
truck 158 139 224 181
car 125 148 162 176
car 236 149 263 178
car 157 140 224 181
car 549 145 599 168
car 740 137 849 173
truck 247 65 491 205
car 487 142 531 166
car 634 138 676 166
car 118 145 156 170
car 915 124 959 174
car 215 146 259 171
truck 153 136 219 178
car 855 141 886 167
car 153 136 218 178
car 542 142 592 165
car 727 135 835 172
truck 243 60 491 203
car 482 141 522 165
car 927 121 960 174
car 111 141 151 167
car 627 136 670 164
truck 147 132 213 174
car 843 137 901 169
car 218 145 254 168
car 536 141 587 163
car 208 141 239 166
car 845 131 955 171
car 147 133 213 173
car 716 138 822 174
truck 242 58 494 204
car 828 140 897 170
car 104 140 144 166
car 619 138 662 166
car 203 140 253 168
car 488 143 513 165
car 876 127 959 175
truck 140 130 207 174
car 531 141 580 164
car 140 131 209 173
