Video length: 2.800s
Max ID: 10

ID        Frist                    Last                     Duration                 *in second
1          0.067                  2.800                  2.733                 
2          0.067                  1.600                  1.533                 
4          0.067                  1.867                  1.800                 
5          0.133                  1.300                  1.167                 
6          0.200                  1.000                  0.800                 
7          0.700                  2.233                  1.533                 
8          0.867                  1.833                  0.966                 
10         1.167                  1.533                  0.366                 
