S 0.000
S 0.033
S 0.067
1
2
4
S 0.100
1
2
4
S 0.133
1
2
4
5
S 0.167
1
2
4
5
S 0.200
1
2
4
5
6
S 0.233
1
2
4
5
6
S 0.267
1
2
4
5
S 0.300
1
2
4
5
S 0.333
1
2
4
5
6
S 0.367
1
2
4
5
6
S 0.400
1
2
4
5
6
S 0.433
1
2
4
5
S 0.467
1
2
4
5
S 0.500
1
2
4
5
S 0.533
1
2
4
5
6
S 0.567
1
2
4
5
6
S 0.600
1
2
4
5
S 0.633
1
2
4
5
S 0.667
1
2
4
5
S 0.700
1
2
4
5
7
S 0.733
1
2
4
5
7
S 0.767
1
2
4
5
S 0.800
1
2
4
5
S 0.833
1
2
4
S 0.867
1
2
5
8
S 0.900
1
2
5
7
8
S 0.933
1
2
4
5
7
8
S 0.967
1
2
4
5
6
7
S 1.000
1
2
4
5
6
7
8
S 1.033
1
2
4
5
7
8
S 1.067
1
2
4
5
7
8
S 1.100
1
2
4
S 1.133
1
2
4
S 1.167
1
2
4
10
S 1.200
1
2
4
10
S 1.233
1
2
4
10
S 1.267
1
2
4
5
S 1.300
1
2
4
5
10
S 1.333
1
2
4
10
S 1.367
1
2
4
10
S 1.400
1
2
4
10
S 1.433
1
2
4
S 1.467
1
2
4
10
S 1.500
1
2
4
10
S 1.533
1
2
4
10
S 1.567
1
2
4
S 1.600
1
2
4
11
S 1.633
1
4
7
11
S 1.667
1
4
7
8
11
S 1.700
1
4
7
8
11
S 1.733
1
4
7
11
S 1.767
1
4
7
11
S 1.800
1
4
7
8
11
S 1.833
1
4
7
8
11
S 1.867
1
4
7
11
S 1.900
1
7
11
S 1.933
1
7
11
S 1.967
1
7
11
15
S 2.000
1
7
11
15
S 2.033
1
7
11
15
S 2.067
1
7
11
15
S 2.100
1
7
11
S 2.133
1
7
11
S 2.167
1
7
11
S 2.200
1
7
11
S 2.233
1
7
11
S 2.267
1
11
15
S 2.300
1
11
15
S 2.333
1
11
S 2.367
1
11
S 2.400
1
11
S 2.433
1
11
S 2.467
1
11
S 2.500
1
11
S 2.533
1
11
S 2.567
1
11
S 2.600
1
11
S 2.633
1
11
S 2.667
1
11
S 2.700
1
11
S 2.733
1
11
S 2.767
1
11
S 2.800
1
11
S 0.000
