person 1114 417 1920 1067
person 445 429 531 517
person 1081 356 1190 526
person 1068 417 1308 764
person 567 431 640 568
person 1172 408 1289 545
person 1108 412 1920 1068
person 446 426 529 513
person 1082 356 1190 522
person 1067 411 1307 760
person 569 430 640 572
person 1176 408 1287 544
person 1113 422 1920 1068
person 1076 355 1190 529
person 442 426 528 513
person 1066 411 1309 764
person 569 430 639 576
person 1177 408 1285 543
person 1106 412 1920 1067
person 1072 355 1189 535
person 442 424 528 514
person 1065 407 1307 754
person 568 429 639 572
person 1172 405 1294 548
person 1618 409 1920 1061
person 1106 415 1920 1068
person 442 427 527 515
person 1070 356 1189 539
person 1064 408 1307 756
person 567 430 638 566
person 1172 407 1296 548
person 906 446 945 513
person 1102 414 1920 1068
person 1069 356 1189 533
person 439 428 526 512
person 1064 408 1308 760
person 571 428 636 573
person 1176 406 1300 547
person 904 444 944 515
person 1099 413 1920 1068
person 1066 356 1188 537
person 1064 410 1313 754
person 439 426 525 514
person 571 428 635 569
person 1181 408 1298 545
person 903 443 945 512
person 1108 414 1920 1067
person 1067 356 1188 537
person 1062 407 1310 754
person 440 427 525 509
person 568 428 635 577
person 1176 406 1302 545
person 1111 417 1920 1068
person 1060 409 1305 757
person 1068 355 1187 531
person 441 427 522 504
person 567 428 635 587
person 1176 406 1302 543
person 1103 412 1920 1068
person 1061 408 1310 748
person 1068 354 1185 526
person 437 427 521 506
person 564 427 633 576
person 1176 406 1300 544
person 1106 421 1920 1068
person 1060 409 1308 748
person 435 423 520 508
person 1065 354 1185 532
person 562 427 633 572
person 1172 406 1289 541
person 900 441 942 513
person 1103 415 1920 1068
person 1059 409 1306 750
person 1064 353 1183 536
person 437 422 519 506
person 563 427 633 572
person 899 440 941 512
person 1107 416 1920 1068
person 1059 411 1305 749
person 1059 351 1183 541
person 436 420 519 504
person 557 427 633 568
person 1782 565 1920 1018
person 1102 413 1920 1067
person 1058 412 1300 753
person 1060 351 1183 534
person 430 419 517 505
person 557 426 630 555
person 1102 419 1920 1068
person 1058 406 1297 745
person 1062 351 1181 523
person 435 418 516 504
person 561 425 627 555
person 1095 408 1920 1067
person 1061 350 1178 523
person 1055 408 1298 760
person 432 418 516 504
person 560 424 625 532
person 1090 411 1920 1068
person 1064 349 1177 517
person 429 414 513 502
person 1055 405 1301 749
person 555 423 624 513
person 895 440 934 507
person 1771 570 1920 996
person 1092 410 1920 1068
person 1062 349 1174 516
person 1052 408 1297 753
person 427 413 513 503
person 555 421 623 547
person 1767 554 1920 996
person 1089 411 1920 1068
person 1055 349 1173 523
person 1050 409 1296 753
person 428 411 509 506
person 552 421 622 552
person 1167 403 1262 527
person 1766 569 1920 991
person 1081 414 1920 1068
person 1046 406 1291 747
person 1059 348 1170 519
person 420 412 507 504
person 552 420 617 535
person 788 799 1116 1078
person 1162 404 1258 521
person 1617 411 1920 1027
person 1079 410 1920 1069
person 1052 346 1170 526
person 414 413 505 502
person 1044 410 1288 747
person 545 420 614 508
person 785 796 1115 1078
person 1158 404 1256 523
person 1586 411 1920 1049
person 1082 411 1920 1068
person 1049 346 1166 518
person 414 412 500 497
person 1042 406 1289 740
person 541 419 611 505
person 1154 400 1253 529
person 779 796 1112 1078
person 1626 410 1920 1050
person 1088 412 1920 1069
person 1041 346 1161 524
person 412 411 496 494
person 1037 407 1283 738
person 540 418 607 520
person 1143 403 1248 523
person 1077 413 1920 1069
person 401 410 491 498
person 1037 345 1152 530
person 533 417 602 506
person 1034 396 1274 749
person 1141 400 1245 529
person 1064 402 1920 1069
person 392 406 482 499
person 1038 343 1146 521
person 526 415 594 504
person 1024 393 1271 756
person 1142 403 1243 528
person 517 415 598 615
person 1052 407 1920 1068
person 1026 342 1141 526
person 392 408 475 492
person 1017 391 1269 740
person 519 412 589 558
person 1124 397 1245 532
person 1804 396 1876 448
person 1050 405 1920 1066
person 1009 398 1258 744
person 1018 343 1132 510
person 376 407 468 491
person 510 414 582 560
person 1120 397 1232 526
person 1039 403 1920 1067
person 366 405 456 492
person 1016 344 1123 500
person 1846 382 1920 497
person 999 396 1251 734
person 499 412 572 563
person 1115 395 1209 525
person 737 793 1055 1073
person 1034 403 1918 1067
person 355 406 447 490
person 1833 383 1920 501
person 1105 397 1202 523
person 993 340 1111 513
person 486 412 558 517
person 989 364 1232 746
person 725 790 1067 1076
person 1015 402 1918 1066
person 1813 382 1920 504
person 342 404 432 490
person 479 409 544 500
person 975 370 1220 744
person 991 339 1097 506
person 1088 396 1197 523
person 709 792 1048 1079
person 817 425 857 498
person 1007 411 1918 1065
person 1802 381 1901 499
person 325 399 419 486
person 963 385 1214 739
person 976 339 1089 501
person 460 409 531 498
person 1080 395 1190 525
person 1877 368 1920 505
person 457 413 535 609
person 314 404 403 489
person 967 338 1073 496
person 1783 382 1881 498
person 921 412 1918 1068
person 949 398 1200 727
person 679 780 1024 1077
person 446 408 516 540
person 1067 396 1157 521
person 297 407 389 473
person 629 401 1920 1059
person 428 405 498 488
person 931 350 1178 740
person 1056 390 1146 513
person 917 357 1166 741
person 276 404 373 471
person 409 404 478 483
person 605 405 1920 1060
person 1031 390 1128 507
person 926 335 1046 489
person 898 378 1150 730
person 253 403 354 469
person 599 410 1879 1059
person 388 403 458 480
person 915 335 1027 482
person 879 338 1124 741
person 360 401 435 479
person 233 401 335 468
person 591 403 1871 1062
person 858 374 1110 745
person 553 397 1864 1057
person 337 398 414 477
person 212 399 313 465
person 862 332 991 496
person 506 398 1852 1061
person 185 395 289 464
person 316 396 390 475
person 837 335 1081 721
person 502 417 1767 1058
person 814 372 1059 717
person 296 394 367 473
person 822 324 946 482
person 166 395 264 462
person 792 349 1041 719
person 272 390 343 471
person 146 392 240 459
person 481 397 1763 1062
person 442 383 1751 1062
person 770 361 1015 709
person 113 390 211 458
person 241 387 322 471
person 774 318 904 477
person 214 386 298 468
person 86 389 189 459
person 749 330 989 681
person 411 381 1712 1061
person 865 376 962 493
person 1543 367 1644 507
person 390 385 1656 1059
person 192 385 276 467
person 726 357 967 679
person 64 389 164 458
person 739 315 857 466
person 849 374 945 487
person 375 380 1663 1061
person 173 382 254 467
person 707 330 939 674
person 45 386 139 454
person 832 374 916 484
person 727 312 839 462
person 1499 359 1594 559
person 686 346 926 676
person 132 380 228 469
person 6 382 113 450
person 317 377 1634 1059
person 692 311 817 472
person 809 367 899 487
person 1481 359 1573 589
person 669 362 908 657
person 128 379 207 465
person 670 308 800 485
person 0 373 92 451
person 318 380 1598 1058
person 1460 356 1551 585
person 786 364 878 488
person 500 396 551 476
person 633 377 1575 1059
person 654 348 886 645
person 110 377 188 462
person 767 361 862 493
person 0 371 67 456
person 1798 352 1920 522
person 651 307 784 498
person 1441 355 1526 496
person 627 372 1551 1060
person 631 361 878 660
person 90 374 168 466
person 633 302 759 488
person 0 337 47 462
person 1778 358 1920 531
person 1422 351 1506 499
person 753 359 848 492
person 464 393 515 470
person 617 367 1525 1061
person 1756 356 1919 518
person 613 357 863 654
person 623 301 741 480
person 75 370 150 459
person 1402 347 1485 492
person 736 356 824 485
person 447 391 496 466
person 582 365 1507 1061
person 1735 349 1920 515
person 596 298 725 494
person 598 351 839 659
person 53 368 129 459
person 708 357 816 486
person 264 764 629 1070
person 1381 347 1467 482
person 566 358 1493 1059
person 1716 351 1918 506
person 581 355 831 657
person 581 293 711 473
person 1368 343 1449 485
person 32 367 112 468
person 16 365 117 580
person 693 356 811 481
person 414 386 469 466
person 246 763 622 1073
person 548 354 1480 1060
person 1698 353 1906 504
person 566 349 814 648
person 568 295 697 463
person 13 365 94 460
person 685 353 785 475
person 225 753 606 1071
person 1351 344 1432 480
person 543 346 1460 1060
person 1682 348 1896 502
person 558 348 799 643
person 1 363 77 464
person 552 290 685 494
person 661 354 777 478
person 212 759 586 1070
person 536 352 1444 1059
person 1668 345 1865 497
person 539 335 784 639
person 0 361 63 451
person 538 288 671 480
person 651 348 769 480
person 1322 339 1402 482
person 370 380 423 461
person 191 757 584 1070
person 525 358 1429 1061
person 1653 343 1857 494
person 528 344 772 646
person 527 288 656 480
person 0 360 49 444
person 1310 338 1390 467
person 182 754 567 1068
person 642 343 762 476
person 0 353 57 598
person 357 375 408 454
person 498 352 1421 1061
person 1641 339 1850 494
person 513 284 650 474
person 517 342 756 635
person 169 758 542 1068
person 1297 337 1378 509
person 627 342 733 476
person 0 358 33 509
person 481 349 1406 1061
person 507 341 748 641
person 1627 336 1832 489
person 507 285 634 478
person 155 755 534 1069
person 466 346 1397 1060
person 1616 338 1828 487
person 495 337 737 636
person 495 282 623 474
person 136 755 523 1068
person 1275 333 1354 469
person 321 373 373 455
person 456 348 1387 1060
person 1605 336 1814 486
person 486 336 729 633
person 484 278 613 473
person 127 753 518 1072
person 310 371 363 451
person 448 344 1380 1062
person 475 331 717 645
person 1593 331 1816 488
person 476 278 604 462
person 299 371 358 452
person 116 748 499 1070
person 585 332 711 473
person 438 342 1363 1059
person 464 330 709 642
person 464 275 593 463
person 1583 328 1786 484
person 101 748 490 1067
person 288 370 349 448
person 433 340 1348 1060
person 1572 327 1782 481
person 453 273 586 467
person 457 331 698 632
person 280 368 332 447
person 428 338 1337 1060
person 1563 323 1767 480
person 444 324 687 628
person 444 270 574 462
person 82 747 469 1071
person 419 334 1320 1059
person 434 322 676 624
person 1550 324 1762 477
person 436 268 567 453
person 538 324 670 452
person 397 335 1311 1061
person 423 326 664 632
person 428 267 557 443
person 1540 321 1751 473
person 542 327 664 456
person 55 748 449 1071
person 378 324 1311 1060
person 415 320 664 621
person 416 265 547 456
person 1530 321 1731 473
person 40 746 453 1072
person 369 329 1299 1061
person 1520 315 1722 468
person 406 315 650 627
person 408 264 538 461
person 27 746 431 1073
person 359 329 1289 1061
person 1509 313 1713 465
person 393 309 638 632
person 399 262 529 448
person 507 320 616 455
person 348 329 1283 1061
person 1499 314 1708 462
person 385 320 629 627
person 387 261 519 454
person 501 316 618 453
person 207 356 266 441
person 340 320 1267 1062
person 377 259 509 452
person 373 317 617 619
person 1491 316 1700 463
person 334 316 1253 1061
person 1479 310 1680 459
person 370 255 499 450
person 365 313 611 609
person 328 325 1241 1062
person 1469 309 1671 457
person 360 254 490 454
person 355 315 595 605
person 474 314 578 448
person 310 322 1224 1063
person 1459 307 1659 457
person 344 309 594 624
person 348 253 479 451
person 461 312 570 447
person 297 323 1214 1062
person 1450 307 1662 455
person 338 315 591 600
person 340 250 472 452
person 449 310 566 448
person 279 308 1221 1061
person 1440 305 1656 454
person 327 307 582 602
person 329 248 462 449
person 443 307 572 455
person 268 318 1208 1063
person 1434 304 1648 454
person 319 305 566 601
person 329 249 455 415
person 442 303 540 443
person 260 305 1201 1063
person 1424 301 1634 450
person 313 302 552 607
person 317 245 446 438
person 426 304 536 443
person 254 306 1188 1063
person 1416 295 1635 451
person 302 300 553 610
person 307 244 437 444
person 415 301 539 447
person 244 308 1183 1062
person 1409 299 1610 449
person 296 304 543 594
person 300 243 431 437
person 403 305 530 442
person 243 305 1172 1063
person 1402 294 1615 445
person 289 241 424 442
person 292 305 541 575
person 398 301 526 437
person 240 298 1163 1062
person 1394 295 1601 444
person 280 302 538 609
person 288 240 415 430
person 396 300 523 431
person 233 299 1154 1062
person 1390 290 1606 444
person 274 301 535 605
person 280 241 411 427
person 396 298 521 428
person 1073 294 1139 421
person 218 295 1151 1063
person 1383 288 1592 442
person 271 299 522 573
person 271 239 405 444
person 1066 292 1137 421
person 384 301 499 427
person 200 299 1145 1062
person 1378 290 1590 442
person 260 240 399 453
person 264 292 519 563
person 381 295 494 429
person 197 298 1149 1063
person 1374 288 1583 441
person 261 240 394 447
person 259 285 502 582
person 382 296 497 429
