Video length: 14.342s
Max ID: 21

ID        Frist                    Last                     Duration                 *in second
1          0.072                  8.050                  7.978                 
2          1.866                  6.503                  4.637                 
4          0.668                  6.925                  6.257                 
6          2.742                  12.795                 10.053                
7          2.978                  8.085                  5.107                 
8          3.050                  3.373                  0.323                 
10         4.675                  5.730                  1.055                 
11         3.373                  4.921                  1.548                 
13         3.552                  6.257                  2.705                 
15         3.696                  5.562                  1.866                 
17         3.839                  6.387                  2.548                 
18         4.090                  6.279                  2.189                 
19         6.398                  8.366                  1.968                 
