S 0.000
S 0.036
S 0.072
1
S 0.108
1
S 0.144
1
S 0.179
1
S 0.215
1
S 0.251
1
S 0.287
1
S 0.323
1
S 0.359
1
S 0.395
1
S 0.431
1
S 0.466
1
S 0.502
1
S 0.538
1
S 0.574
1
S 0.610
1
S 0.646
1
S 0.682
1
S 0.718
1
S 0.754
1
S 0.789
1
S 0.825
1
S 0.861
1
S 0.897
1
S 0.933
1
S 0.969
1
S 1.005
1
S 1.041
1
S 1.076
1
S 1.112
1
S 1.148
1
S 1.184
1
S 1.220
1
S 1.256
1
S 1.292
1
S 1.328
1
S 1.363
1
S 1.399
1
S 1.435
1
S 1.471
1
S 1.507
1
S 1.543
1
S 1.579
1
S 1.615
1
S 1.651
1
S 1.686
1
S 1.722
1
S 1.758
1
S 1.794
1
S 1.830
1
S 1.866
1
2
S 1.902
1
2
S 1.938
1
2
S 1.973
1
2
S 2.009
1
2
S 2.045
1
2
S 2.081
1
2
S 2.117
1
S 2.153
1
2
S 2.189
1
2
S 2.225
1
S 2.260
1
S 2.296
1
S 2.332
1
2
S 2.368
1
2
S 2.404
1
2
S 2.440
1
S 2.476
1
S 2.512
1
S 2.548
1
2
S 2.583
1
2
S 2.619
1
S 2.655
1
S 2.691
1
S 2.727
1
S 2.763
1
S 2.799
1
S 2.835
1
2
S 2.870
1
2
S 2.906
1
S 2.942
1
S 2.978
1
7
S 3.014
1
7
S 3.050
1
2
7
8
S 3.086
1
2
8
S 3.122
1
2
8
S 3.158
1
2
S 3.193
1
S 3.229
1
8
S 3.265
1
8
S 3.301
1
8
S 3.337
1
8
S 3.373
1
8
11
S 3.409
1
11
S 3.445
1
11
S 3.480
1
11
S 3.516
1
11
S 3.552
1
11
13
S 3.588
1
11
13
S 3.624
1
11
13
S 3.660
1
11
13
S 3.696
1
11
13
15
S 3.732
1
11
13
15
S 3.768
1
11
13
S 3.803
1
11
13
S 3.839
1
11
13
17
S 3.875
1
11
13
17
S 3.911
1
11
13
17
S 3.947
1
11
13
S 3.983
1
11
13
S 4.019
1
11
13
S 4.055
1
11
13
S 4.090
1
11
13
18
S 4.126
1
11
13
18
S 4.162
1
11
13
18
S 4.198
1
11
13
S 4.234
1
11
13
S 4.270
1
11
13
S 4.306
1
11
13
S 4.342
1
11
13
S 4.377
1
11
13
S 4.413
1
11
13
S 4.449
1
11
S 4.485
1
11
S 4.521
1
11
18
S 4.557
1
11
13
18
S 4.593
1
11
13
S 4.629
1
11
S 4.665
1
S 4.700
1
11
S 4.736
1
11
15
S 4.772
1
15
S 4.808
1
2
15
S 4.844
1
2
S 4.880
1
S 4.916
1
S 4.952
1
11
S 4.987
1
11
S 5.023
1
11
15
S 5.059
1
2
11
15
S 5.095
1
2
11
15
S 5.131
1
2
11
15
S 5.167
1
2
11
15
S 5.203
1
2
11
15
S 5.239
1
2
11
15
S 5.275
1
11
15
S 5.310
1
11
15
S 5.346
1
15
S 5.382
1
11
15
S 5.418
1
11
15
S 5.454
1
11
15
S 5.490
1
11
15
S 5.526
1
11
15
S 5.562
1
11
15
S 5.597
1
11
S 5.633
1
11
S 5.669
1
11
S 5.705
1
11
S 5.741
1
S 5.777
1
S 5.813
1
S 5.849
1
S 5.885
1
S 5.920
1
S 5.956
1
2
S 5.992
1
2
S 6.028
1
S 6.064
1
S 6.100
1
S 6.136
1
S 6.172
1
18
S 6.207
18
S 6.243
18
S 6.279
17
18
S 6.315
17
S 6.351
17
S 6.387
17
S 6.423
S 6.459
S 6.494
S 6.530
S 6.566
S 6.602
S 6.638
S 6.674
S 6.710
S 6.746
S 6.782
S 6.817
S 6.853
S 6.889
S 6.925
S 6.961
S 6.997
S 7.033
S 7.069
S 7.104
S 7.140
S 7.176
S 7.212
S 7.248
S 7.284
S 7.320
S 7.356
S 7.392
S 7.427
S 7.463
S 7.499
S 7.535
S 7.571
S 7.607
S 7.643
S 7.679
S 7.714
S 7.750
S 7.786
S 7.822
S 0.000
S 0.000
S 0.035
S 0.070
1
2
S 0.105
1
2
S 0.141
1
2
S 0.176
1
2
S 0.211
1
2
S 0.246
1
2
S 0.281
1
2
S 0.316
1
S 0.352
S 0.387
S 0.422
S 0.457
S 0.492
S 0.527
S 0.562
S 0.598
S 0.633
S 0.668
4
S 0.703
S 0.738
S 0.773
S 0.808
S 0.844
S 0.879
S 0.914
S 0.949
S 0.984
S 1.019
S 1.055
S 1.090
S 1.125
S 1.160
S 1.195
S 1.230
S 1.265
S 1.301
S 1.336
S 1.371
S 1.406
S 1.441
S 1.476
S 1.512
S 1.547
S 1.582
S 1.617
S 1.652
S 1.687
S 1.722
S 1.758
S 1.793
S 1.828
S 1.863
S 1.898
4
S 1.933
S 1.968
S 2.004
S 2.039
S 2.074
S 2.109
S 2.144
S 2.179
S 2.215
S 2.250
S 2.285
S 2.320
S 2.355
S 2.390
S 2.425
S 2.461
S 2.496
S 2.531
S 2.566
S 2.601
S 2.636
S 2.671
S 2.707
S 2.742
6
S 2.777
S 2.812
S 2.847
S 2.882
S 2.918
S 2.953
S 2.988
S 3.023
S 3.058
S 3.093
S 3.128
S 3.164
S 3.199
S 3.234
S 3.269
S 3.304
S 3.339
S 3.375
S 3.410
S 3.445
S 3.480
S 3.515
S 3.550
S 3.585
S 3.621
S 3.656
S 3.691
S 3.726
S 3.761
S 3.796
S 3.831
6
S 3.867
S 3.902
7
S 3.937
S 3.972
S 4.007
S 4.042
S 4.078
7
S 4.113
S 4.148
S 4.183
S 4.218
1
2
S 4.253
1
2
S 4.288
1
2
S 4.324
1
2
S 4.359
1
2
S 4.394
1
2
S 4.429
1
S 4.464
1
S 4.499
1
2
S 4.534
1
2
S 4.570
1
2
S 4.605
1
2
S 4.640
1
2
S 4.675
1
2
10
S 4.710
1
2
10
S 4.745
1
10
S 4.781
1
10
11
S 4.816
1
10
11
S 4.851
1
10
11
S 4.886
1
10
11
S 4.921
1
7
10
11
S 4.956
7
S 4.992
7
10
S 5.027
7
10
S 5.062
7
S 5.097
7
S 5.132
7
S 5.167
7
S 5.202
7
13
S 5.238
7
13
S 5.273
7
S 5.308
7
S 5.343
7
S 5.378
7
S 5.413
7
S 5.448
6
7
S 5.484
6
S 5.519
6
S 5.554
6
10
S 5.589
6
10
S 5.624
6
10
S 5.659
6
10
S 5.695
6
10
S 5.730
6
10
S 5.765
6
S 5.800
6
S 5.835
6
S 5.870
6
S 5.905
6
S 5.941
6
S 5.976
6
S 6.011
6
S 6.046
6
S 6.081
6
7
S 6.116
7
S 6.151
7
S 6.187
2
7
13
S 6.222
1
2
7
13
S 6.257
1
4
13
S 6.292
2
4
S 6.327
2
4
S 6.362
2
4
S 6.398
2
4
19
S 6.433
2
4
19
S 6.468
2
4
19
S 6.503
2
4
S 6.538
4
S 6.573
4
S 6.608
S 6.644
S 6.679
S 6.714
S 6.749
S 6.784
S 6.819
S 6.855
S 6.890
S 6.925
4
19
S 6.960
S 6.995
19
S 7.030
19
S 7.065
S 7.101
S 7.136
1
6
19
S 7.171
1
6
S 7.206
1
6
S 7.241
1
6
S 7.276
1
6
S 7.311
1
6
S 7.347
1
6
S 7.382
1
6
S 7.417
1
6
S 7.452
1
6
S 7.487
1
6
S 7.522
1
6
S 7.558
1
6
S 7.593
1
6
S 7.628
1
6
S 7.663
1
6
S 7.698
1
6
S 7.733
1
6
S 7.768
1
6
S 7.804
1
6
S 7.839
1
6
S 7.874
1
6
S 7.909
1
6
S 7.944
1
6
S 7.979
1
6
S 8.014
S 8.050
1
6
7
S 8.085
6
7
S 8.120
6
S 8.155
6
S 8.190
6
S 8.225
6
S 8.261
6
S 8.296
6
19
S 8.331
6
19
S 8.366
6
19
S 8.401
6
S 8.436
6
S 8.471
6
23
S 8.507
6
23
S 8.542
6
23
25
S 8.577
6
23
25
S 8.612
6
23
25
26
S 8.647
6
23
26
S 8.682
6
23
26
S 8.718
6
23
26
S 8.753
6
23
26
S 8.788
6
23
26
S 8.823
6
23
26
S 8.858
6
23
26
S 8.893
6
23
26
S 8.928
6
23
26
S 8.964
6
23
26
S 8.999
6
23
26
S 9.034
6
23
26
S 9.069
6
23
26
S 9.104
6
23
S 9.139
6
23
S 9.174
6
23
S 9.210
6
23
S 9.245
6
23
S 9.280
6
23
S 9.315
6
23
S 9.350
6
23
S 9.385
6
23
S 9.421
6
23
S 9.456
6
23
31
S 9.491
6
23
31
S 9.526
6
23
31
S 9.561
6
23
31
S 9.596
6
23
S 9.631
6
23
S 9.667
6
23
S 9.702
6
23
S 9.737
6
23
S 9.772
6
23
S 9.807
6
23
36
S 9.842
6
23
36
S 9.878
6
23
36
S 9.913
6
23
36
S 9.948
6
23
36
S 9.983
6
23
36
38
S 10.018
6
23
36
38
S 10.053
6
23
36
38
S 10.088
6
23
36
38
S 10.124
6
23
36
38
S 10.159
6
23
36
38
S 10.194
6
23
36
38
S 10.229
6
23
36
38
S 10.264
6
23
36
38
S 10.299
6
23
36
38
S 10.334
6
23
36
38
S 10.370
6
23
36
38
S 10.405
6
23
36
38
S 10.440
6
23
36
38
S 10.475
6
23
36
38
S 10.510
6
23
36
38
S 10.545
6
23
36
38
S 10.581
6
23
36
38
S 10.616
6
23
36
38
S 10.651
6
23
36
S 10.686
6
23
S 10.721
6
23
S 10.756
6
23
S 10.791
6
23
S 10.827
6
23
S 10.862
6
23
S 10.897
6
23
S 10.932
6
23
S 10.967
6
23
S 11.002
6
23
40
S 11.038
6
23
26
40
S 11.073
6
23
26
S 11.108
6
23
26
S 11.143
6
23
26
S 11.178
6
23
26
S 11.213
6
23
26
S 11.248
6
23
26
S 11.284
6
23
S 11.319
6
23
S 11.354
6
23
26
S 11.389
6
23
26
S 11.424
6
23
S 11.459
6
23
S 11.494
6
23
S 11.530
6
23
S 11.565
6
23
S 11.600
6
23
S 11.635
6
23
S 11.670
6
23
S 11.705
6
23
S 11.741
6
23
S 11.776
6
S 11.811
6
S 11.846
6
S 11.881
6
S 11.916
6
S 11.951
6
S 11.987
6
S 12.022
6
S 12.057
6
S 12.092
6
S 12.127
6
S 12.162
6
40
S 12.198
6
40
S 12.233
6
S 12.268
6
52
S 12.303
6
52
S 12.338
6
S 12.373
6
S 12.408
6
S 12.444
6
S 12.479
6
S 12.514
6
S 12.549
6
S 12.584
6
S 12.619
6
S 12.654
6
S 12.690
6
S 12.725
6
S 12.760
6
S 12.795
6
36
S 12.830
36
S 12.865
36
S 12.901
36
S 12.936
S 12.971
S 13.006
S 13.041
S 13.076
S 13.111
S 13.147
S 13.182
S 13.217
S 13.252
S 13.287
S 13.322
S 13.357
S 13.393
S 13.428
S 13.463
S 13.498
S 13.533
S 13.568
S 13.604
S 13.639
S 13.674
S 13.709
S 13.744
S 13.779
S 13.814
S 13.850
S 13.885
S 13.920
S 13.955
S 13.990
S 14.025
S 14.061
S 14.096
S 14.131
S 14.166
S 14.201
S 14.236
S 14.271
S 14.307
S 14.342
S 0.000
